Time Step,Discharge rate,Sugar feed rate,Soil bean feed rate,Aeration rate,Back pressure,Water injection/dilution,pH,Temperature,Acid flow rate,Base flow rate,Cooling water,Heating water,Vessel Weight,Dissolved oxygen concentration,Yield Per Step
0,0,74.64652049,26.06073055,62.17213389,0.9099446111,100.1494341,6.442255497,297.7309265,0,23.27452087,9.999999747e-05,170.0345154,62297.51172,17.42906952,0.05828718641
0.200000003,0,76.36500018,25.96777241,60.99423232,0.9036250449,147.0895049,6.457170486,297.8825378,0,46.37240982,9.999999747e-05,53.81393051,62358.41016,17.37143898,-3.070097084e-05
0.400000006,0,76.37064823,25.96827834,61.00028509,0.9040308978,146.3919937,6.482067108,297.8408508,0,63.97537231,9.999999747e-05,9.999999747e-05,62422.69531,17.36024857,-3.069819414e-05
0.6000000238,0,76.3917417,25.96866833,60.99777408,0.9044237559,146.7105386,6.512214184,298.0958252,0,71.63462067,9.999999747e-05,82.23308563,62487.58984,17.35879517,-3.077256368e-05
0.8000000119,0,76.40166493,25.96887348,61.01813397,0.9052324521,146.5915782,6.538982391,297.9767151,0,67.24966431,82.31105042,8.223308563,62551.5,17.35251236,-3.076275563e-05
1,0,76.41658768,25.96870789,61.02324546,0.9053362844,147.341943,6.556171894,297.8876648,0,52.18546677,42.90260696,0.8223308325,62612.53906,17.34846497,-3.042188107e-05
1.200000048,0,76.41971029,25.96828908,61.02681692,0.9052356235,148.221696,6.552546501,298.0587769,0.5190318227,26.09273338,12.8707819,62.31554413,62668.43359,17.32941055,-3.046344338e-05
1.399999976,0,76.40441343,25.96744309,61.03938958,0.9048808828,148.3651341,6.538670063,297.9572144,1.040295362,13.04636669,68.36109924,6.231554508,62721.79297,17.31880188,-3.056058255e-05
1.600000024,0,76.40024439,25.96708779,61.03285209,0.9044297981,148.5880059,6.516338825,297.8809509,0,0,34.24597931,0.6231554151,62772.23438,17.29200363,-3.043914345e-05
1.799999952,0,76.38843285,25.9664976,61.03417193,0.9043633768,149.1501905,6.49505806,298.037262,0,0,10.27379417,55.54388428,62822.80469,17.28497696,-3.06136243e-05
2,0,76.37330669,25.96624151,61.04065532,0.9043597234,148.7488114,6.476349831,297.9442749,0,2.495060682,60.30995178,5.554388523,62873.71875,17.26593781,-3.076381207e-05
2.200000048,0,76.36892924,25.96628974,61.03919615,0.9043286151,148.5000951,6.464627743,298.3850708,0,12.46835232,18.09298515,138.4255676,62926.61719,17.26125336,-3.120493998e-05
2.400000095,0,76.3479228,25.96578777,61.05931177,0.9046508714,147.5202026,6.462274075,298.1743164,0,27.11585236,168.7711334,13.842556,62982.30469,17.25629807,-3.147244396e-05
2.599999905,0,76.36122087,25.96650646,61.04849189,0.9047836404,147.2128438,6.469803333,298.0155334,0,42.6963768,107.1904144,1.384255648,63041.22656,17.25247955,-3.103955861e-05
2.799999952,0,76.37929535,25.96725123,61.03610441,0.9049960186,147.4352702,6.484727859,297.9186096,0,55.26291275,60.52757263,0.1384255588,63102.80859,17.24377632,-3.06893865e-05
3,0,76.39766944,25.96775262,61.03072796,0.9052894504,147.7675287,6.504729271,298.1160278,0,61.86698532,18.15827179,66.18675995,63165.87891,17.24488831,-3.069360918e-05
3.200000048,0,76.40759687,25.96766769,61.04517123,0.9059003225,147.8768452,6.526545048,298.0332031,0,60.47746658,83.94915771,6.618676186,63230.90234,17.25996017,-3.069685952e-05
3.400000095,0,76.42090329,25.96764583,61.04343354,0.9060103125,148.5589431,6.541069508,297.9628906,0,50.37182236,58.23836899,0.6618676186,63294.04688,17.25202942,-3.043115468e-05
3.599999905,0,76.42088827,25.96732764,61.04644003,0.9059076666,149.1499743,6.543206692,297.920166,0,34.4861412,35.8537941,0.06618676335,63354.12891,17.24464226,-3.025701991e-05
3.799999952,0,76.41095555,25.96675588,61.04779418,0.905580735,149.6325421,6.530571938,298.0720825,0,17.76288795,10.75613785,47.06571579,63409.60156,17.22338676,-3.038175912e-05
4,0,76.38900765,25.96577955,61.05971619,0.9053163022,149.6762597,6.508340359,298.0196533,0,6.102403641,60.49624634,4.706571579,63462.58594,17.19665146,-3.055304103e-05
4.199999809,0,76.37326709,25.96529535,61.06054294,0.9049679739,149.6844535,6.484855652,297.9691162,0,3.318806171,43.97304916,0.4706571698,63514.87891,17.16337013,-3.053802931e-05
4.400000095,0,76.36016752,25.96508962,61.06295056,0.9048373716,149.5024903,6.467013836,297.9413757,0,9.902442932,27.66368294,0.04706571624,63568.51562,17.15009499,-3.054178644e-05
4.599999905,0,76.35443636,25.96517527,61.06239266,0.9048880222,149.2465716,6.458764076,298.0629883,0,23.60020638,8.299104691,35.07822037,63624.86719,17.13327789,-3.069347792e-05
4.800000191,0,76.35161781,25.96519015,61.07016552,0.905202124,148.7741021,6.460873604,298.0249634,0,40.58454895,48.27145767,3.507821798,63684.53906,17.1157589,-3.078235601e-05
5,0,76.36775393,25.96576153,61.06746059,0.9055686715,148.5821269,6.473398209,297.9954834,0,56.7217865,36.59991455,0.3507821858,63747.54688,17.11013794,-3.065526321e-05
5.199999809,0,76.39162724,25.96634839,61.06213816,0.905965219,148.8134674,6.491187572,297.9776611,0,67.84809113,27.64826393,0.03507822007,63812.83594,17.09233665,-3.051086962e-05
5.400000095,0,76.41237418,25.96670275,61.06436915,0.9063540579,149.1352295,6.506537914,297.9658813,0,71.87478638,21.54943085,0.003507821821,63878.80859,17.05705643,-3.038073451e-05
5.599999905,0,76.42255325,25.96676363,61.07444465,0.9066104141,149.3889116,6.519349575,297.9635925,0,69.78611755,16.78302765,0.0003507821821,63944.37891,17.03996468,-3.028162882e-05
5.800000191,0,76.42532484,25.96657266,61.08331071,0.9067224721,149.7263816,6.526587963,297.96698,0,62.57338715,14.80056477,9.999999747e-05,64008.5,17.02045631,-3.021937958e-05
6,0,76.41872758,25.96614885,61.09377245,0.9066825673,149.9938076,6.526136875,297.9732056,0,52.47546005,14.62425804,9.999999747e-05,64070.54688,16.99585724,-3.01978062e-05
6.199999809,0,76.4035967,25.96556209,61.10458055,0.9065104697,150.1562533,6.519671917,297.9825134,0,42.56533432,15.50611591,9.999999747e-05,64130.62109,16.97898865,-3.02145353e-05
6.400000095,0,76.38558397,25.96493414,61.11196325,0.9062955924,150.2694667,6.508585453,297.9929199,0,35.23627853,17.6640358,9.999999747e-05,64189.22656,16.959095,-3.026102004e-05
6.599999905,0,76.36757769,25.96437277,61.11868796,0.9061229552,150.293208,6.495713711,298.0035095,0,32.33779526,20.53715706,9.999999747e-05,64247.25,16.93824577,-3.032495269e-05
6.800000191,0,76.35354505,25.96396151,61.12468066,0.9060592549,150.2583949,6.483981133,298.0130615,0,34.57914352,23.84179688,9.999999747e-05,64305.69922,16.91532326,-3.039066553e-05
7,0,76.34609984,25.96374736,61.13027111,0.9061324066,150.2041562,6.475744724,298.0210876,0,41.50390625,27.19287109,9.999999747e-05,64365.52344,16.89190674,-3.044311816e-05
7.199999809,0,76.34734653,25.96374593,61.13446737,0.9063315655,150.201704,6.473411083,298.0299683,0,51.71556091,30.37616539,9.999999747e-05,64427.48047,16.8767643,-3.047158195e-05
7.400000095,0,76.35939185,25.96392455,61.13466606,0.9066123605,150.3612847,6.476566315,298.0376282,0,62.85246658,34.17179108,9.999999747e-05,64491.75,16.85760498,-3.047077086e-05
7.599999905,0,76.37733167,25.96420227,61.1350234,0.9069305586,150.6605941,6.484889507,298.0456848,0,72.72809601,37.87177658,9.999999747e-05,64558.14453,16.84194946,-3.044207648e-05
7.800000191,0,76.3975074,25.96446251,61.13563511,0.9072306263,151.0993161,6.49672699,298.0545044,0,79.27500153,42.00325012,9.999999747e-05,64626.02344,16.82686234,-3.039329364e-05
8,0,76.41414688,25.96459522,61.13969625,0.9074829129,151.5976509,6.506787777,298.058136,0,81.09191895,46.70277405,9.999999747e-05,64694.29688,16.79805565,-3.033644636e-05
8.199999809,0,76.42012497,25.96455264,61.1507899,0.9076460213,152.0515213,6.515918732,298.0654297,0,78.90175629,49.92816544,9.999999747e-05,64762.28516,16.7814312,-3.028552258e-05
8.399999619,0,76.41989764,25.96427428,61.16199131,0.9077244362,152.4765245,6.523800373,298.0805359,0,73.05657196,54.60386658,9.999999747e-05,64829.33594,16.77203941,-3.025266013e-05
8.600000381,0,76.41299685,25.9637447,61.17424833,0.9077233346,152.8351626,6.524069309,298.0888977,0,64.05975342,62.21009064,9.999999747e-05,64894.55078,16.7392807,-3.024224874e-05
8.800000191,0,76.3919327,25.96307201,61.19273683,0.9076035433,153.0842423,6.516904354,298.0928955,0,54.97628403,68.00326538,9.999999747e-05,64957.90234,16.70438576,-3.025554288e-05
9,0,76.36388675,25.96235512,61.20935595,0.9074346026,153.2387862,6.504124641,298.0918274,0,48.75881577,72.65237427,9.999999747e-05,65019.91797,16.66524124,-3.029006412e-05
9.199999809,0,76.33566247,25.96178184,61.22392627,0.9073327775,153.370458,6.492260933,298.103302,0,47.647892,75.73301697,9.999999747e-05,65081.875,16.64599609,-3.034460227e-05
9.399999619,0,76.3204633,25.96134166,61.23088321,0.9073675073,153.5703689,6.481576443,298.1082153,0,51.26162338,83.15074158,9.999999747e-05,65144.55078,17.05046844,-3.040144805e-05
9.600000381,0,76.37435256,25.96160534,61.10436484,0.9070658892,153.5708407,6.476306915,298.1191406,0,59.14819336,88.62809753,9.999999747e-05,65208.94141,17.03742409,-3.044191707e-05
9.800000191,0,76.38496098,25.96157469,61.10360709,0.9073017417,153.8612517,6.475961685,298.1266479,0,69.12857056,96.42355347,9.999999747e-05,65274.60156,17.01941299,-3.04592956e-05
10,0,76.40356758,25.96168113,61.10349325,0.9076377845,154.2336772,6.480368137,298.1334229,0,79.24809265,103.3987198,9.999999747e-05,65342.42969,17.00410652,-3.044769294e-05
10.19999981,0,76.42587618,25.96188517,61.10330227,0.9080077179,154.6625233,6.487721443,298.1382446,0,87.60526276,110.4271851,9.999999747e-05,65412.05078,16.98700905,-3.04139042e-05
10.39999962,0,76.44595796,25.96202763,61.10574728,0.9083525188,155.1031916,6.496238708,298.1427612,0,93.02659607,117.0413284,9.999999747e-05,65482.88281,16.96994019,-3.03678807e-05
10.60000038,0,76.46054338,25.96203266,61.11113164,0.9086403489,155.5330737,6.504912376,298.152771,0,95.04663849,123.753685,9.999999747e-05,65554.27344,16.95650673,-3.032470292e-05
10.80000019,0,76.46887236,25.96185943,61.11921556,0.9088756379,155.9363951,6.513242722,298.1763,0,93.60054779,132.5228729,9.999999747e-05,65625.58594,16.94942474,-3.030270549e-05
11,0,76.47109759,25.96146076,61.12997312,0.9090751153,156.2930421,6.516657352,298.1891479,0,88.82391357,146.2967224,9.999999747e-05,65695.94531,16.92357254,-3.029682834e-05
11.19999981,0,76.46295771,25.96071295,61.14681328,0.9091282223,156.6835032,6.511653423,298.1712036,0,82.69641113,157.1616669,9.999999747e-05,65764.91406,16.87876511,-3.027909117e-05
11.39999962,0,76.44343031,25.95982896,61.16471055,0.9089824475,157.141807,6.504327297,298.1698608,0,78.5823822,157.970047,9.999999747e-05,65833.1875,16.85713196,-3.027212721e-05
11.60000038,0,76.42591415,25.95911436,61.17347949,0.9088631056,157.5163006,6.496130466,298.1777954,0,77.37953949,164.0625153,9.999999747e-05,65901.33594,16.83362579,-3.030045098e-05
11.80000019,0,76.41446002,25.95847616,61.18095869,0.908838564,157.9732837,6.488274574,298.1867371,0,79.45087433,173.1763306,9.999999747e-05,65970.00781,16.80665207,-3.034136105e-05
12,0,76.41156389,25.95802432,61.18630491,0.9089174164,158.5689389,6.480588436,298.1802368,0,84.66051483,182.8710938,9.999999747e-05,66039.76562,16.7705574,-3.036617508e-05
12.19999981,0,76.41677362,25.9578834,61.1885444,0.9090625757,159.3741951,6.476378918,298.1820679,0,92.94522095,187.5578156,9.999999747e-05,66111.41406,16.74526215,-3.037468418e-05
12.39999962,0,76.43329211,25.95808299,61.18350485,0.9092675041,160.2268492,6.475563526,298.1875305,0,102.902916,195.0007172,9.999999747e-05,66185.29688,16.71888733,-3.037862961e-05
12.60000038,0,76.45576168,25.9584877,61.17669297,0.9094962863,161.160384,6.476956844,298.1906738,0,113.1866379,203.6957245,9.999999747e-05,66261.46094,16.68958473,-3.036974753e-05
12.80000019,0,76.4782678,25.95902137,61.16934777,0.9096932097,162.1421913,6.480099201,298.1988525,0,122.9166718,211.7706451,9.999999747e-05,66339.85156,16.66229248,-3.035376239e-05
13,0,76.49809641,25.95956382,61.16215708,0.9098465528,163.0863957,6.483477116,298.2058716,0,131.3910675,221.719696,9.999999747e-05,66420.15625,16.63146019,-3.033698002e-05
13.19999981,0,76.51302597,25.96006984,61.15701974,0.9099662262,164.0799805,6.486812592,298.2216797,0,138.5192566,231.5444489,9.999999747e-05,66502.17969,16.60311127,-3.032789897e-05
13.39999962,0,76.52415865,25.96046639,61.15339197,0.9100697219,165.0563102,6.489391804,298.2444458,0,144.3140717,244.6628265,9.999999747e-05,66585.625,16.57343674,-3.033752568e-05
13.60000038,0,76.53217518,25.96075979,61.1520476,0.9101822437,166.1107468,6.490825176,298.2740479,0,149.0795135,260.7125244,9.999999747e-05,66670.3125,16.5428257,-3.036653959e-05
13.80000019,0,76.53801196,25.96097105,61.15201479,0.9103083409,167.2588338,6.490341663,298.2875366,0,153.2729187,279.9237671,9.999999747e-05,66756.05469,16.50364304,-3.03932722e-05
14,0,76.54088146,25.96131822,61.15163033,0.9104373544,168.6741973,6.488323212,298.2955627,0,157.6623535,294.6300964,9.999999747e-05,66842.96094,16.46513367,-3.040576202e-05
14.19999981,0,76.54203824,25.96175505,61.14739261,0.9105334559,170.1231404,6.48504734,298.3009949,0,162.8581848,308.0768433,9.999999747e-05,66931.21094,16.42544937,-3.041672841e-05
14.39999962,0,76.54221721,25.96230039,61.13862548,0.9105931956,171.5944131,6.481216431,298.332489,0,169.3634644,320.9810181,9.999999747e-05,67021.1875,16.39152145,-3.045728919e-05
14.60000038,0,76.54340713,25.96271106,61.12490909,0.9105917356,172.8144728,6.476356506,298.3464355,0,177.3990021,343.090332,9.999999747e-05,67113.01562,16.3463726,-3.051073948e-05
14.80000019,0,76.54257761,25.96338136,61.1062346,0.9105448585,174.1561545,6.470629692,298.3399963,0,187.3800201,360.1338196,9.999999747e-05,67207.09375,16.29805756,-3.052891356e-05
15,0,76.53871243,25.9641866,61.07969734,0.9103603607,175.1963426,6.464532852,298.3603516,0,199.6513672,370.7973022,9.999999747e-05,67303.96875,16.25621796,-3.055762658e-05
15.19999981,0,76.53392408,25.96462204,61.04704173,0.9099809114,175.419266,6.457892895,298.3781433,0,214.3598633,390.6226807,9.999999747e-05,67403.89844,16.2069149,-3.061457894e-05
15.39999962,0,76.52623662,25.964875,61.01175913,0.9094546536,175.0465166,6.450468063,298.405304,0,225,410.1215515,9.999999747e-05,67505.96094,16.15592194,-3.068277015e-05
15.60000038,0,76.51912619,25.96500065,60.98615563,0.9091459141,175.180806,6.44191885,298.4172058,0,225,433.5375977,9.999999747e-05,67608,16.09966469,-3.075009628e-05
15.80000019,0,76.51507667,25.96565694,60.97679799,0.9095306028,177.8384025,6.432289124,298.3596191,0,225,452.6410828,9.999999747e-05,67710.39062,16.03944969,-3.073293249e-05
16,0,76.50865727,25.96667546,60.96441126,0.9099600934,180.7917869,6.421803951,298.3078613,0,225,448.32901,9.999999747e-05,67813.34375,15.98588562,-3.065446548e-05
16.20000076,0,76.50250555,25.96766326,60.94835885,0.9103585967,183.6455519,6.410630703,298.2691345,0,225,444.3858643,9.999999747e-05,67916.85156,15.93167496,-3.060137123e-05
16.39999962,0,76.49695688,25.9686526,60.92977757,0.9107969273,186.673402,6.398938179,298.2492676,0,225,442.9603271,9.999999747e-05,68020.97656,15.87739849,-3.05866494e-05
16.60000038,0,76.49244481,25.96959561,60.90844851,0.9112745888,189.8696218,6.386872292,298.249939,0,225,446.4892273,9.999999747e-05,68125.76562,15.822649,-3.061745129e-05
16.79999924,0,76.48923037,25.97048101,60.8840373,0.9117978232,193.272027,6.374215126,298.2342834,0,225,456.2116394,9.999999747e-05,68231.17188,15.76325417,-3.065639891e-05
17,0,76.4865928,25.97147186,60.85616895,0.9123907125,197.0208994,6.36136198,298.2418518,0,225,460.1876221,9.999999747e-05,68337.35938,15.70627594,-3.07066119e-05
17.20000076,0,76.48572141,25.97233671,60.82428967,0.9129865017,200.8279036,6.348205566,298.2524109,0,225,471.6924133,9.999999747e-05,68444.30469,15.6463356,-3.078755845e-05
17.39999962,0,76.48672002,25.97316619,60.78796773,0.9136400174,204.9505411,6.334492207,298.2470398,0,225,484.3511353,9.999999747e-05,68552.03125,15.58372879,-3.08586366e-05
17.60000038,0,76.48966274,25.9739404,60.74681447,0.9143242682,209.290702,6.319917679,298.2219543,0,225,491.88797,9.999999747e-05,68660.5625,15.51927853,-3.08973286e-05
17.79999924,0,76.494975,25.9745627,60.7004105,0.9150042064,213.7135183,6.306191921,298.2658997,0,225,492.5331421,9.999999747e-05,68770.11719,15.45818138,-3.099163488e-05
18,0,76.50317183,25.97498431,60.64803757,0.9156747386,218.2738725,6.29273653,298.3323975,0,225,516.2120361,9.999999747e-05,68880.64844,15.39323711,-3.118287796e-05
18.20000076,0,76.51651125,25.97511689,60.5873041,0.916420826,223.341505,6.278972626,298.3812866,0,225,548.786499,9.999999747e-05,68992.19531,15.3251791,-3.138169943e-05
18.39999962,0,76.53475888,25.97488642,60.51895095,0.9171726371,228.6156228,6.263584614,298.3597107,0,225,577.6291504,9.999999747e-05,69104.67969,15.25352478,-3.149264061e-05
18.60000038,0,76.5582098,25.97404618,60.44466729,0.917848496,233.7218751,6.246694088,298.3170166,0,225,584.1090698,9.999999747e-05,69218.13281,15.18096256,-3.151668867e-05
18.79999924,0,76.58575223,25.97256836,60.36404543,0.918383607,238.4857523,6.228602886,298.279541,0,225,583.0313721,9.999999747e-05,69332.52344,15.10666084,-3.153541712e-05
19,0,76.6196818,25.97020734,60.27473027,0.9187942505,243.0393083,6.210934162,298.2871399,0,225,582.3148193,9.999999747e-05,69447.89062,15.03064442,-3.161509117e-05
19.20000076,0,76.65982614,25.96712875,60.17448178,0.9191315647,247.7399981,6.194191933,298.3343811,0,225,595.6934814,9.999999747e-05,69564.28125,14.95283699,-3.178596987e-05
19.39999962,0,76.70823156,25.96316755,60.06144765,0.9194179247,252.7091021,6.176805496,298.3678284,0,225,622.7058105,9.999999747e-05,69681.67969,14.87518692,-3.198727744e-05
19.60000038,0,76.76671082,25.95778701,59.93977739,0.9195541736,257.3348238,6.15968132,298.4093018,0,225,646.4265137,9.999999747e-05,69800.09375,14.80096626,-3.21877988e-05
19.79999924,0,76.82893192,25.95156941,59.81335831,0.9195337372,261.5375992,6.14389658,298.4581604,0,225,674.2804565,9.999999747e-05,69919.55469,14.75866604,-3.240536242e-05
20,0,76.8814973,25.94581105,59.7019753,0.9194170638,264.2603355,6.147758484,298.2259521,0,225,706.1783447,9.999999747e-05,70039.74219,16.63182831,0.08842509544
20.20000076,0,76.76601026,25.94411338,60.53848776,0.901445898,173.9772804,6.190794945,297.721405,0,225,642.8834229,9.999999747e-05,70141.84375,16.46504974,0.5482661402
20.39999962,0,76.65495514,25.94370802,60.53523365,0.9047912275,177.9831092,6.233562469,300.1164856,0,225,192.865036,791.9280396,70244.4375,16.49887085,0.582008349
20.60000038,0,77.17551116,25.88616538,59.7276706,0.8979416907,196.1873674,6.275643826,299.2161255,0,225,1012.51123,79.19280243,70350.71094,16.44011497,0.5757570639
20.79999924,0,76.69667075,25.93332675,60.48643399,0.906356466,186.2287931,6.316995621,298.5119629,0,225,763.2889404,7.919280529,70455.20312,16.51963806,0.6358642649
21,0,76.55633005,25.94481218,60.57771429,0.9068625257,183.5516441,6.356050491,298.0487976,0,225,572.7113037,0.7919280529,70559.35938,16.52808952,0.6789712223
21.20000076,0,76.47004311,25.95243446,60.63670972,0.9078240712,184.0209075,6.392356873,297.7626343,0,225,437.395752,0.07919280231,70663.78125,16.5399437,0.7004484126
21.39999962,0,76.41722985,25.95824278,60.68997331,0.9084816057,184.189612,6.425724983,299.2171021,0,225,131.2187195,454.9159851,70768.125,16.54717445,0.6858829132
21.60000038,0,76.65932123,25.93674511,60.53099767,0.9091041959,196.4133309,6.45556736,298.8220825,0,225,626.2528687,45.49159622,70874.85938,16.55570602,0.682048576
21.79999924,0,76.45365219,25.95482805,60.74280604,0.9107947004,189.2498713,6.482162476,298.4507446,0,225,524.6987305,4.549159527,70980.22656,16.5734024,0.7089370227
22,0,76.40116984,25.96152303,60.78761481,0.9109932693,188.1611952,6.505491257,298.1708374,0,225,430.3855286,0.4549159706,71085.42188,16.57899857,0.751636931
22.20000076,0,76.3722716,25.96616589,60.81717382,0.911218105,188.2254678,6.525751591,297.9874878,0,223.3321686,353.5003052,0.04549159855,71190.35156,16.58315849,0.7667573979
22.39999962,0,76.35420028,25.96974588,60.83836494,0.911553845,188.9764307,6.542684078,297.8638916,0,213.5597229,298.7479248,0.004549159668,71293.4375,16.58625984,0.7926294129
22.60000038,0,76.338469,25.97363056,60.85342066,0.912681059,192.9972417,6.556174755,298.9315491,0,197.0153961,89.62437439,317.2013245,71393.82031,16.59303665,0.783452456
22.79999924,0,76.52337362,25.96035497,60.92250046,0.9170225313,209.1013223,6.54631567,298.7078247,0.519020915,98.50769806,453.7819824,31.72013092,71477.21875,16.60522652,0.8182469134
23,0,76.0319587,25.94916238,61.19121839,0.9248024993,232.3206062,6.529751778,298.4777527,0,80.57700348,403.525116,3.172013283,71561.55469,16.68023491,0.8644624502
23.20000076,0,75.76616044,25.94670348,61.12582466,0.9211291867,220.8606862,6.50913763,298.3139343,0,69.21899414,352.3755493,0.3172013164,71641.21875,16.64557838,0.9051892679
23.39999962,0,75.57307544,25.94634817,61.09102982,0.920261923,223.0190086,6.489246845,298.2066956,0,66.09846497,315.4944763,0.03172013164,71720.71094,16.64059639,0.9311410467
23.60000038,0,75.47534118,25.94614743,61.02271288,0.9198136868,224.3873253,6.472661972,298.1021423,0,70.91905212,291.5055542,0.00317201321,71801.375,16.6423912,1.018629744
23.79999924,0,75.47064625,25.9486319,60.92199123,0.9199179846,226.7412611,6.462507725,298.0119934,0,82.36501312,263.9862671,0.0003172013094,71884.82812,16.64982796,1.087395202
24,0,75.54110227,25.95381015,60.80556922,0.9201462756,229.0355085,6.460931301,297.9559631,0,97.86214447,237.49823,9.999999747e-05,71972.01562,16.65758133,1.103995042
24.20000076,0,75.65468556,25.96057581,60.70421071,0.920256248,230.3439825,6.465166569,297.9035034,0,113.9822617,219.290741,9.999999747e-05,72062.75781,16.66546631,1.16147342
24.39999962,0,75.77180914,25.96722159,60.63098137,0.9199938936,229.8382965,6.474515915,298.7373352,0,128.4166565,65.78722382,240.3141937,72156.29688,16.66765976,1.169391273
24.60000038,0,75.9625045,25.94852706,60.62285828,0.9228702532,241.7446069,6.48530674,298.5791016,0,139.1132202,350.2337341,24.03141975,72254.35938,16.70107651,1.209081368
24.79999924,0,75.95755418,25.96374242,60.60638308,0.9219274964,231.3929056,6.496657848,298.3968811,0,145.5050659,317.0351868,2.403141975,72351.67969,16.69423676,1.24595569
25,0,75.96321443,25.971814,60.59540611,0.9211381646,229.1659886,6.506231785,298.236145,0,147.3591614,277.0752258,0.2403142005,72448.92188,16.69094276,1.318809303
25.20000076,0,75.94820352,25.97688216,60.58980992,0.9208131649,228.7855801,6.514247894,298.1225586,0,145.3912964,237.8727722,0.02403141931,72545.75,16.6900444,1.353776625
25.39999962,0,75.91307199,25.98034084,60.58655761,0.9208514015,229.6118162,6.521146297,298.0616455,0,140.2165222,208.7418671,0.002403141931,72641.82031,16.69048691,1.342460177
25.60000038,0,75.85945972,25.98249749,60.58562466,0.9212479355,231.5559318,6.524647236,298.0115967,0,132.2809601,193.1764526,0.0002403141989,72736.64844,16.69512367,1.392846763
25.79999924,0,75.78319357,25.9832101,60.57947347,0.9217164627,233.9293514,6.526114941,297.9942932,0,122.9525757,178.6793976,9.999999747e-05,72830.14844,16.69858932,1.384079856
26,0,75.68579528,25.9827678,60.5736396,0.922207482,236.5371813,6.525216579,297.9985046,0,113.0330658,173.5184326,9.999999747e-05,72922.23438,16.70231819,1.374273514
26.20000076,0,75.57061909,25.9810449,60.56735827,0.9226517156,239.0242083,6.520603657,298.0002136,0,103.4740295,174.8867035,9.999999747e-05,73012.84375,16.70700455,1.418513472
26.39999962,0,75.44344115,25.97830974,60.55331336,0.9229120494,241.0696049,6.513952732,298.0122681,0,95.76476288,175.3926239,9.999999747e-05,73102.3125,16.70993233,1.431177957
26.60000038,0,75.31970452,25.97547585,60.53213633,0.9231136389,242.9327082,6.505875111,298.0246277,0,90.71064758,179.5485077,9.999999747e-05,73191.11719,16.7135334,1.462932666
26.79999924,0,75.21503628,25.97310451,60.49803547,0.923330276,244.7299879,6.49883461,298.0487366,0,88.88572693,184.1741943,9.999999747e-05,73279.96875,16.71748161,1.459859528
27,0,75.14136905,25.97189153,60.45378643,0.923684441,246.7111289,6.493388653,298.072113,0,89.869133,193.3270111,9.999999747e-05,73369.44531,16.7237587,1.479508855
27.20000076,0,75.10151295,25.97189877,60.399151,0.9241235657,248.7145106,6.489618301,298.0828247,0,93.02897644,203.0427246,9.999999747e-05,73459.92969,16.73168755,1.530100357
27.39999962,0,75.09162159,25.97320738,60.33702176,0.9245277993,250.4978835,6.48730278,298.0731812,0,97.6966095,209.2614899,9.999999747e-05,73551.65625,16.73988724,1.605491433
27.60000038,0,75.10434011,25.97574157,60.27197994,0.9247956726,251.8617345,6.486895561,298.0531616,0,103.2909775,208.9593964,9.999999747e-05,73644.76562,16.74671173,1.666448533
27.79999924,0,75.1304464,25.97924866,60.21202424,0.9249353498,252.7960111,6.489554882,298.0471191,0,109.04673,204.8759308,9.999999747e-05,73739.32031,16.75156593,1.672589834
28,0,75.1590972,25.98319804,60.16646896,0.9250847755,253.5011937,6.494998932,298.0636902,0,113.7346878,204.9336548,9.999999747e-05,73835.11719,16.75571251,1.642540855
28.20000076,0,75.17720582,25.98682968,60.13661698,0.9253652888,254.2461643,6.500752926,298.0762634,0,116.2457733,212.4610901,9.999999747e-05,73931.60156,16.76116753,1.666901005
28.39999962,0,75.17452379,25.98961956,60.11335619,0.9257068393,255.0899792,6.505940437,298.0843811,0,116.4632111,219.0638275,9.999999747e-05,74028.29688,16.76668167,1.698966096
28.60000038,0,75.1468427,25.99163718,60.09273156,0.9260988994,256.2147208,6.509352207,298.0762329,0,114.6084061,224.6268921,9.999999747e-05,74124.78125,16.7726326,1.764878196
28.79999924,0,75.09553149,25.99285603,60.06886629,0.9264630772,257.5479937,6.511602879,298.0746155,0,111.3930206,224.9224091,9.999999747e-05,74220.90625,16.7775898,1.788346044
29,0,75.02397589,25.99341537,60.04360474,0.9268551898,259.1644358,6.511078835,298.0519714,0,107.275444,227.2851105,9.999999747e-05,74316.42188,16.78336716,1.872634583
29.20000076,0,74.93891791,25.99326996,60.00933525,0.9271258442,260.7333907,6.508381367,298.0222473,0,103.3728256,222.2858124,9.999999747e-05,74411.39062,16.78798866,1.939656313
29.39999962,0,74.84963952,25.99298084,59.96751512,0.9272765509,262.225509,6.504901886,298.0018921,0,100.547493,214.1431732,9.999999747e-05,74506.10156,16.79172707,1.975679425
29.60000038,0,74.76709382,25.99294268,59.92043571,0.9274380469,263.7535311,6.499909401,297.968689,0,99.10954285,208.1789703,9.999999747e-05,74600.73438,16.796175,2.050742535
29.79999924,0,74.70025633,25.99335211,59.86264984,0.9275354276,265.1531122,6.495157242,297.9389954,0,99.6709671,196.9449463,9.999999747e-05,74695.75,16.80041313,2.100414021
30,0,74.65626614,25.99474581,59.8002646,0.927610759,266.433477,6.492918015,298.6459351,0,102.1276398,59.08348465,209.7518921,74791.49219,16.80450249,2.102634346
30.20000076,0,74.50620705,25.97868034,59.60515555,0.9322989004,284.2368928,6.492825985,298.5954285,0,105.4726639,300.9186401,20.97518921,74891.48438,16.85499954,2.116057713
30.39999962,0,74.52877537,25.98498089,59.63233267,0.9313914441,274.4864226,6.494665623,298.5053711,0,108.8553925,302.4089661,2.097518921,74990.25781,16.84745026,2.129522468
30.60000038,0,74.53686982,25.99268528,59.59336196,0.9313964316,274.8272276,6.496085644,298.3937683,0,111.5028076,294.0483704,0.2097518891,75089.59375,16.85074043,2.197464706
30.79999924,0,74.5403422,25.99799571,59.54773946,0.931058836,274.8584682,6.49881506,298.3152161,0,113.5897217,275.1691589,0.02097518928,75189.47656,16.85104561,2.209773315
31,0,74.5308988,26.00300575,59.51196293,0.9309083497,275.2461701,6.501220703,298.240448,0,114.5792694,263.6781311,0.002097518882,75289.63281,16.8526783,2.251467258
31.20000076,0,74.50862065,26.00709896,59.47664284,0.9308531029,275.787447,6.503461361,298.1799927,0,114.6118698,250.2876129,0.0002097518882,75389.9375,16.85499954,2.280929627
31.39999962,0,74.47195587,26.01042094,59.44247559,0.9308658298,276.4927576,6.505308151,298.1328735,0,113.7476883,239.0049438,9.999999747e-05,75490.24219,16.85778427,2.308266444
31.60000038,0,74.42115823,26.0130538,59.40625063,0.9309915749,277.4857328,6.505829334,298.0834961,0,112.1455688,229.9583435,9.999999747e-05,75590.38281,16.86120987,2.355055625
31.79999924,0,74.35924553,26.0150393,59.36432356,0.9311269865,278.6271928,6.505403519,298.0404053,0,110.3381119,218.2567444,9.999999747e-05,75690.35938,16.86484909,2.392837274
32,0,74.29138871,26.01661748,59.31885625,0.9312524999,279.8203452,6.505348682,298.0228577,0,108.6998062,206.8976288,9.999999747e-05,75790.33594,16.86903954,2.402754436
32.20000076,0,74.22025616,26.01801342,59.2727954,0.9314901123,281.1700316,6.505200863,298.0177307,0,107.0792084,202.6763458,9.999999747e-05,75890.28906,16.87412262,2.420961666
32.40000153,0,74.14558311,26.01921779,59.22259429,0.9318456822,282.7218874,6.504689217,298.0170898,0,105.5192413,201.8926392,9.999999747e-05,75990.24219,16.88015175,2.447593827
32.59999847,0,74.06914443,26.02024048,59.16879466,0.9322315259,284.3206324,6.503651619,298.0151672,0,104.1648026,202.376709,9.999999747e-05,76090.22656,16.88639069,2.481608347
32.79999924,0,73.99371097,26.02126369,59.11145325,0.9326161782,285.9266409,6.501804352,298.0039368,0,103.2260132,202.3636322,9.999999747e-05,76190.27344,16.89242363,2.526035524
33,0,73.92402722,26.02246494,59.05042485,0.9329450935,287.4490987,6.49911356,297.9798279,0,103.0269241,199.0675354,9.999999747e-05,76290.50781,16.89782715,2.574187252
33.20000076,0,73.86615095,26.02408524,58.98687146,0.9331731245,288.790682,6.496486664,297.9534607,0,103.9043961,190.984314,9.999999747e-05,76391.13281,16.90288353,2.611502316
33.40000153,0,73.82447199,26.02634242,58.92488045,0.933321302,289.8982999,6.493742466,297.9189758,0,105.8297882,181.3121033,9.999999747e-05,76492.29688,16.90694618,2.650713714
33.59999847,0,73.80038039,26.02931559,58.86416355,0.9334064539,290.7995722,6.49239254,298.5606995,0,108.8534241,54.39363098,201.2745819,76594.14844,16.91129303,2.673316301
33.79999924,0,73.49625639,26.02551247,58.44304068,0.9390430633,310.7499073,6.493299484,298.4987793,0,112.4120102,273.0061646,20.12745857,76700.70312,16.97165871,2.694335016
34,0,73.60254441,26.0263551,58.60056995,0.9368869275,298.6163678,6.495901585,298.4057922,0,115.6048813,267.8564453,2.012745857,76805.53906,16.95345879,2.710111424
34.20000076,0,73.6182611,26.03595283,58.58600518,0.937189028,299.0138998,6.49909687,298.3228455,0,117.7585983,254.9487457,0.2012745887,76910.95312,16.95967484,2.732199481
34.40000153,0,73.62490475,26.04057515,58.5720047,0.9367473601,298.2213743,6.50269413,298.2610168,0,118.6376266,242.2477722,0.0201274585,77016.46094,16.9591713,2.751069802
34.59999847,0,73.60115032,26.04549879,58.54772301,0.9368602163,298.7040026,6.504816532,298.1886292,0,118.0783691,233.6473694,0.00201274571,77121.88281,16.96171188,2.784421903
34.79999924,0,73.55795972,26.04894719,58.51555648,0.9369409268,299.3336039,6.506455898,298.132782,0,116.6762924,218.9247437,0.0002012745827,77227.1875,16.9652195,2.807804635
35,0,73.4984796,26.05146894,58.4804182,0.9370632323,300.1521505,6.506842136,298.0802612,0,114.6152725,207.2777252,9.999999747e-05,77332.20312,16.96823502,2.8342998
35.20000076,0,73.42489605,26.05348594,58.43496038,0.937301083,301.354842,6.5069561,298.0471802,0,112.4024506,194.5560913,9.999999747e-05,77437.05469,16.97359657,2.855921412
35.40000153,0,73.34436058,26.0548083,58.38722907,0.9375447718,302.550595,6.506101608,298.018158,0,110.1409225,186.5436707,9.999999747e-05,77541.67188,16.97809029,2.880635305
35.59999847,0,73.25753337,26.05610411,58.33037445,0.9379088793,304.0491724,6.503928185,297.9851074,0,108.2233658,178.5443115,9.999999747e-05,77646.13281,16.98304176,2.905989745
35.79999924,0,73.17504845,26.05718418,58.26946901,0.9382014084,305.4419879,6.501219749,297.9554749,0,107.176506,168.0386658,9.999999747e-05,77750.61719,16.98812103,2.928767475
36,0,73.10464404,26.05851455,58.20894247,0.9384363396,306.6584994,6.499042511,297.9368896,0,107.2105408,157.5042267,9.999999747e-05,77855.36719,16.99385643,2.950659428
36.20000076,0,73.04864926,26.06044856,58.15133259,0.9386734969,307.7258711,6.497129917,298.4698792,0,108.1120529,47.25127029,168.2967834,77960.38281,16.99877167,2.968483789
36.40000153,0,72.60652835,26.06594858,57.64048624,0.9446832089,326.8512067,6.496164322,298.4225769,0,109.7793579,228.914566,16.82967758,78069.46094,17.06116104,2.991648203
36.59999847,0,72.73050251,26.05955755,57.84326411,0.9421514371,316.217108,6.4955616,298.329834,0,111.8307037,226.2190704,1.682967782,78176.78125,17.03869629,3.007246367
36.79999924,0,72.72797656,26.06877457,57.80960033,0.9428593085,317.3579744,6.495676041,298.2443237,0,114.125,210.4200897,0.1682967842,78284.82812,17.04834938,3.02495175
37,0,72.74971488,26.0718937,57.80321416,0.9421549687,316.1509655,6.495855331,298.1634827,0,116.3723297,193.9821625,0.01682967693,78393.0625,17.04428101,3.037825497
37.20000076,0,72.75650842,26.07744278,57.78010123,0.9421317496,316.2129587,6.497245789,298.1047974,0,118.5499268,175.8950348,0.001682967762,78501.82031,17.04839706,3.058556496
37.40000153,0,72.76783641,26.0812937,57.77415494,0.9418454543,315.5515758,6.499956608,298.0696716,0,120.1676788,162.3826447,0.0001682967704,78610.86719,17.05078316,3.082590826
37.59999847,0,72.76042718,26.08557111,57.76193298,0.9419286949,315.4937218,6.503129005,298.0485229,0,120.7005386,154.6344604,9.999999747e-05,78720.07031,17.0556488,3.104438529
37.79999924,0,72.72938521,26.08918944,57.74109427,0.9422035979,315.8804267,6.505616188,298.0289001,0,119.9672928,150.2171936,9.999999747e-05,78829.19531,17.06051064,3.121518603
38,0,72.67194195,26.09227337,57.70517415,0.9426850898,316.889014,6.506920338,298.007782,0,118.242836,145.4237823,9.999999747e-05,78938.125,17.06650925,3.136243408
38.20000076,0,72.59588624,26.09441684,57.65894064,0.9432065445,318.1976345,6.507596493,297.9942627,0,115.998436,139.3701477,9.999999747e-05,79046.86719,17.07414627,3.15650988
38.40000153,0,72.50765489,26.0958052,57.60729528,0.9437410599,319.6385607,6.507073402,297.9804382,0,113.4817657,135.1575775,9.999999747e-05,79155.34375,17.08081055,3.171379409
38.59999847,0,72.40918155,26.09705074,57.54508275,0.9443681592,321.3653965,6.506238937,297.9751587,0,111.1763382,130.2773285,9.999999747e-05,79263.71875,17.0899868,3.193697871
38.79999924,0,72.31220406,26.09777744,57.48460897,0.9449138757,322.9151436,6.504888535,297.9725342,0,109.2018509,127.8243561,9.999999747e-05,79371.99219,17.09784317,3.212294993
39,0,72.21473627,26.09896368,57.41824021,0.9455594686,324.6327483,6.502990246,297.9687805,0,107.7681885,126.0218658,9.999999747e-05,79480.28125,17.1062088,3.227419559
39.20000076,0,72.12561213,26.10025783,57.35260486,0.9461553551,326.2174906,6.500962257,297.9651489,0,107.0939865,123.7219315,9.999999747e-05,79588.72656,17.1145401,3.242915484
39.40000153,0,72.04932687,26.10198353,57.29058352,0.9467080964,327.6343527,6.499033928,297.9606628,0,107.2296677,121.3261337,9.999999747e-05,79697.45312,17.12249947,3.256531819
39.59999847,0,71.98759969,26.10432688,57.23326212,0.9472275178,328.8817688,6.497839928,297.959137,0,108.1359177,118.4921722,9.999999747e-05,79806.61719,17.1311512,3.27444743
39.79999924,0,71.94140029,26.10717145,57.18524367,0.9476803694,329.8615622,6.497178078,297.9567566,0,109.5176849,116.5257797,9.999999747e-05,79916.24219,17.13859749,3.287610491
40,0,71.90455114,26.11070833,57.14180037,0.9481562221,330.7581144,6.497034073,297.9532471,0,111.1647797,114.187439,9.999999747e-05,80026.35156,17.14611816,3.299384454
40.20000076,0,71.87652433,26.11441988,57.10622328,0.9485783089,331.4480962,6.498765945,297.9637146,0,112.8695221,111.3752747,9.999999747e-05,80137.0625,17.15669823,3.33393125
40.40000153,0,71.85215322,26.11794514,57.08381004,0.9489445018,331.8857973,6.499937534,297.9638367,0,113.8770294,113.2527924,9.999999747e-05,80247.98438,17.16132927,3.335791134
40.59999847,0,71.80971781,26.12244082,57.04391049,0.9496411424,332.9522551,6.500565052,297.9573975,0,114.42379,111.8541412,9.999999747e-05,80359.15625,17.1691761,3.338336647
40.79999924,0,71.76909545,26.12556037,57.01195175,0.9501255224,333.7088418,6.500927448,297.9496765,0,114.7193832,108.279747,9.999999747e-05,80470.50781,17.17587662,3.345655922
41,0,71.72483126,26.12859919,56.97852669,0.9506483571,334.5429042,6.501652241,298.3208618,0,114.8692398,32.48392487,119.057991,80582,17.18442345,3.363396308
41.20000076,0,71.19662778,26.14793623,56.44992697,0.9570370483,350.5069909,6.502863407,298.3072205,0,114.7270889,158.7210541,11.90579891,80696.5625,17.24982262,3.384348398
41.40000153,0,71.34857287,26.13298495,56.72751401,0.9541307367,342.5226595,6.502686977,298.2496643,0,114.1000748,163.2588959,1.190579891,80809.32031,17.22263718,3.376037966
41.59999847,0,71.28948895,26.14223338,56.66261707,0.9557368064,344.3655099,6.502581596,298.1987,0,113.5497589,155.029541,0.1190579906,80922.35938,17.24027824,3.393550244
41.79999924,0,71.27857453,26.14115893,56.67581414,0.9553822889,343.803668,6.502847672,298.160553,0,113.0368881,147.2315674,0.01190579869,81035.23438,17.24152374,3.417797836
42,0,71.23695412,26.14444465,56.64769708,0.9559391385,344.5566803,6.503172398,298.1299744,0,112.4165649,141.9065094,0.001190579846,81148.15625,17.25025368,3.43714821
42.20000076,0,71.19826451,26.14613483,56.62994871,0.9562777307,345.0362696,6.501624107,298.0849609,0,111.6673965,137.6700592,0.000119057986,81260.88281,17.25172615,3.414243506
42.40000153,0,71.14958713,26.14898143,56.59140518,0.9568626161,345.9589937,6.499182224,298.0383911,0,111.5439072,127.2411575,9.999999747e-05,81373.69531,17.25744438,3.402906862
42.59999847,0,71.12490286,26.15044292,56.57273189,0.9570712576,346.2571229,6.496844769,297.9982605,0,112.3940048,114.7022171,9.999999747e-05,81486.70312,17.2616272,3.403240615
42.79999924,0,71.11662889,26.15270024,56.56127654,0.957268484,346.3644287,6.495253086,297.9668884,0,114.1759872,102.6457977,9.999999747e-05,81600.09375,17.26676369,3.410132423
43,0,71.12613274,26.15540942,56.56247552,0.9573940043,346.1772604,6.494626522,297.9433899,0,116.5924377,92.05132294,9.999999747e-05,81713.9375,17.27157593,3.418380696
43.20000076,0,71.14675482,26.15873608,56.57236349,0.9575256554,345.8151015,6.495184898,298.247345,0,119.2588577,27.6153965,102.5661163,81828.21094,17.27693176,3.430567859
43.40000153,0,70.66577833,26.18330934,56.09310222,0.963771032,359.6168948,6.496124744,298.2061462,0,121.701088,130.532608,10.25661087,81945.58594,17.33839417,3.421938796
43.59999847,0,70.91820123,26.16684148,56.43727115,0.9600863231,351.1639334,6.498196602,298.1530457,0,123.7699203,123.3162231,1.025661111,82061.75781,17.30984879,3.446157266
43.79999924,0,70.95084144,26.1765065,56.43736913,0.9610281914,350.7684941,6.502130032,298.1213989,0,125.0074921,113.0360947,0.1025661156,82178.25781,17.32578468,3.499424199
44,0,71.00393682,26.17619899,56.50935141,0.960597327,349.2299667,6.505618572,298.0942993,0,124.669136,108.2491302,0.01025661174,82294.39844,17.32473755,3.512253546
44.20000076,0,70.98273733,26.18053213,56.50343342,0.9613537225,349.6682889,6.50868082,298.0751648,0,122.9427643,103.6898956,0.001025661128,82410.32031,17.33525467,3.536015987
44.40000153,0,70.94090492,26.18170666,56.49910047,0.9619488233,350.3162958,6.511386395,298.0673218,0,119.9916534,100.8308563,0.0001025661113,82525.85156,17.34581947,3.573672645
44.59999847,0,70.86158098,26.18293573,56.46886042,0.9628704092,351.7294477,6.511766911,298.0521545,0,115.9580078,101.0838547,9.999999747e-05,82640.75781,17.35329819,3.562571428
44.79999924,0,70.74719121,26.18434602,56.40704153,0.9640437948,353.7920385,6.511321068,298.0450134,0,111.7787476,98.4334259,9.999999747e-05,82755.26562,17.36804199,3.591793595
45,0,70.63876313,26.18344348,56.36088403,0.9649055247,355.490192,6.50949049,298.0384827,0,107.772934,98.04730988,9.999999747e-05,82869.28125,17.37796974,3.602821073
45.20000076,0,70.51867464,26.18369522,56.29851045,0.965951009,357.4062179,6.507324219,298.0389099,0,104.5014114,97.53158569,9.999999747e-05,82983.05469,17.39236259,3.63416188
45.40000153,0,70.41533851,26.1831584,56.25253123,0.9667795194,358.9519317,6.504187584,298.0357361,0,102.0930557,99.16690063,9.999999747e-05,83096.60938,17.40165138,3.636772912
45.59999847,0,70.31501805,26.18428602,56.19757093,0.9677552204,360.5687446,6.500992298,298.0325928,0,100.9414062,99.53385925,9.999999747e-05,83210.23438,17.41382217,3.648477371
45.79999924,0,70.2433243,26.18531891,56.16231848,0.968515015,361.776625,6.498090744,298.027771,0,101.0649109,99.80825043,9.999999747e-05,83324.10156,17.4239006,3.654933147
46,0,70.19281208,26.1876363,56.13495271,0.9692702646,362.8073142,6.495862961,298.0209656,0,102.347908,99.39388275,9.999999747e-05,83438.42188,17.43400764,3.659047546
46.20000076,0,70.16958314,26.19055921,56.12408687,0.9699032219,363.506473,6.494534492,298.012085,0,104.5207367,98.11889648,9.999999747e-05,83553.29688,17.44303131,3.661157344
46.40000153,0,70.17073991,26.19405614,56.12852845,0.9704336238,363.8698751,6.494701385,298.006134,0,107.2241745,95.89408112,9.999999747e-05,83668.82812,17.4530201,3.678687518
46.59999847,0,70.19448403,26.19746236,56.15275119,0.970818469,363.8551599,6.495389462,297.9960022,0,109.8588181,94.36026764,9.999999747e-05,83784.85156,17.4587307,3.672201319
46.79999924,0,70.22054851,26.20155354,56.17557962,0.9712713875,363.7549018,6.496477604,297.98349,0,112.2212677,91.14051819,9.999999747e-05,83901.29688,17.46501541,3.666995302
47,0,70.25456574,26.20486095,56.20817499,0.9716038126,363.415702,6.497880459,297.9708862,0,114.1488266,86.75574493,9.999999747e-05,84018.04688,17.47052002,3.665972957
47.20000076,0,70.28623032,26.20785701,56.24102959,0.9719434774,363.0444922,6.499767303,297.9619141,0,115.5155258,81.87529755,9.999999747e-05,84135.00781,17.47735405,3.678315763
47.40000153,0,70.31205362,26.21026643,56.27402821,0.9722977827,362.7315389,6.501693726,297.9552307,0,116.1269226,77.78669739,9.999999747e-05,84252.03906,17.48361015,3.686818316
47.59999847,0,70.32005976,26.2127152,56.29499534,0.9728004059,362.7095055,6.503436089,297.9509277,0,115.9691772,74.11727905,9.999999747e-05,84369.02344,17.49114418,3.696796165
47.79999924,118.9304459,124.0359791,31.00465634,65.53283134,0.9843263084,122.0907607,6.492526054,298.1403198,0,115.1152267,71.00644684,9.999999747e-05,84427.94531,17.060215,0.5228727256
48,110.2118607,125.2964692,31.45176826,65.50441151,0.9824923778,115.2930942,6.482088566,298.2802429,0,118.666153,134.5364838,9.999999747e-05,84488.02344,17.03033638,0.4197510471
48.20000076,107.6644211,126.2148563,31.68709859,65.53627317,0.9826244578,115.6161002,6.475634575,298.3913879,0,126.350029,186.654892,9.999999747e-05,84550.45312,17.02210236,0.3663280468
48.40000153,107.8170945,126.7487204,31.85406804,65.47966835,0.978310614,118.3702409,6.472321987,298.4578857,0,136.6040649,234.4587555,9.999999747e-05,84615.41406,16.985569,0.4065835166
48.59999847,110.2498958,126.9278529,31.95373306,65.30571737,0.9696606377,121.606721,6.470722675,298.4584045,0,148.1854706,271.2408447,9.999999747e-05,84682.53906,16.92111206,0.5821663082
48.79999924,114.4781587,126.7332218,31.96753185,65.06086464,0.9580058337,123.7865046,6.470469952,298.4063416,0,160.411026,288.0939331,9.999999747e-05,84751.30469,16.83543968,0.8313710228
49,120.1241432,126.1451815,31.89093998,64.799309,0.9454019241,124.6184287,6.472609997,298.344574,0,172.7388,287.3217773,9.999999747e-05,84821.29688,16.74032021,1.008920538
49.20000076,127.4883518,125.1332166,31.7195733,64.52253521,0.9340569253,125.058325,6.478011608,298.3140564,0,184.2069092,281.6340332,9.999999747e-05,84892.09375,16.65147209,1.013117756
49.40000153,136.3979221,123.7567864,31.47052707,64.21807382,0.925511774,126.0190527,6.484538555,298.2884521,0,193.5113831,284.4975281,9.999999747e-05,84962.80469,16.59314919,1.155798125
49.59999847,145.2486048,122.2276472,31.19164269,63.94327869,0.9199995032,127.3251589,6.491479874,298.2734985,0,200.2118073,287.6621399,9.999999747e-05,85033.00781,16.56024933,1.292870635
49.79999924,152.561478,120.8324155,30.94275234,63.73081475,0.9167194092,128.5316542,6.498138905,298.2669983,0,204.1378784,293.514801,9.999999747e-05,85102.48438,16.54463005,1.428995306
50,157.4321099,119.8794388,30.77330866,63.59530582,0.9149898463,129.3039859,6.503808022,298.2472839,0,205.4026642,301.6373291,9.999999747e-05,85171.125,16.5417099,1.664440191
50.20000076,159.5720285,119.4815356,30.69694347,63.55018103,0.9142982118,129.3750258,6.50812006,298.2075806,0,204.4022369,304.9010315,9.999999747e-05,85238.98438,16.54402542,1.927120248
50.40000153,159.1847466,119.56925,30.70231583,63.59415018,0.9142292862,128.5832407,6.511621475,298.1887817,0,201.6781616,300.6274414,9.999999747e-05,85306.46875,16.53878784,1.890382672
50.59999847,156.8077526,120.0912326,30.78181503,63.69070513,0.9145591583,127.0949529,6.513792038,298.162323,0,197.5518799,302.2200317,9.999999747e-05,85373.5,16.53729439,1.964209969
50.79999924,153.049399,120.8869698,30.90837047,63.83420772,0.9153565776,125.1530782,6.515004158,298.1491699,0,192.5590973,300.3138733,9.999999747e-05,85440.30469,16.53267097,1.881341641
51,148.4533543,121.796152,31.06010129,64.00302464,0.9164305945,122.8301856,6.515363693,298.1506348,0,187.080368,302.0570374,9.999999747e-05,85506.91406,16.52794647,1.752064281
51.20000076,143.6163391,122.7303623,31.22066859,64.17623905,0.9178028997,120.4238465,6.515219688,298.1835938,0,181.4576874,308.258728,9.999999747e-05,85573.45312,16.52090073,1.491265475
51.40000153,138.9659876,123.6551319,31.38428954,64.32951369,0.9194518449,118.2070562,6.51364851,298.1813049,0,175.8913422,325.2633362,9.999999747e-05,85639.49219,16.52883339,1.627625005
51.59999847,134.9873441,124.394878,31.5106954,64.48738422,0.921291738,116.1115114,6.511800289,298.2022095,0,170.9565582,331.1156311,9.999999747e-05,85705.33594,16.52985382,1.473458976
51.79999924,131.6634607,124.9921189,31.61403109,64.61932252,0.9228736689,114.1736165,6.509616375,298.2327271,0,166.7574005,345.140564,9.999999747e-05,85770.89062,16.53204155,1.385542045
52,129.2887565,125.4951749,31.69765088,64.71196289,0.9242833677,112.7223963,6.507333279,298.2776489,0,163.4321594,363.099762,9.999999747e-05,85836.24219,16.53275108,1.281782737
52.20000076,127.7991369,125.9182964,31.7657226,64.7625746,0.9253573324,111.7819561,6.504817009,298.3131714,0,161.0193634,387.0938721,9.999999747e-05,85901.3125,16.5355854,1.302175659
52.40000153,127.1631392,126.239197,31.81156498,64.78444795,0.9259343478,111.1860635,6.502317905,298.3447571,0,159.6136017,409.4223328,9.999999747e-05,85966.1875,16.53490448,1.318450002
52.59999847,127.1499418,126.4691744,31.84071249,64.78264212,0.9258006285,110.7956787,6.500037193,298.3770142,0,159.2066498,431.7999268,9.999999747e-05,86030.99219,16.52882004,1.325775552
52.79999924,127.7205895,126.6327054,31.85897281,64.75225487,0.9249383577,110.651843,6.49783802,298.3874207,0,159.7113342,455.6230469,9.999999747e-05,86095.6875,16.52124596,1.446413154
53,128.7506777,126.7071071,31.85934923,64.71381029,0.9233459365,110.4861156,6.495761871,298.37323,0,161.0961151,473.1056213,9.999999747e-05,86160.32812,16.50996971,1.616667191
53.20000076,129.944817,126.6840615,31.84225811,64.68586128,0.9210148844,110.0650278,6.49418354,298.3605957,0,163.3111572,482.6612549,9.999999747e-05,86225.09375,16.49048805,1.698747531
53.40000153,131.3463796,126.599674,31.81734368,64.64905136,0.9181275384,109.6666565,6.492747307,298.3213196,0,166.1562805,492.3996887,9.999999747e-05,86289.92188,16.47198677,1.928076821
53.59999847,133.0661733,126.4189166,31.77107081,64.62094175,0.9149583536,109.1640722,6.491314411,298.2500305,0,169.5771027,492.4753418,9.999999747e-05,86354.80469,16.45483589,2.24455031
53.79999924,134.8938196,126.1042763,31.69705572,64.62232211,0.911616673,108.4013585,6.490684509,298.2038879,0,173.5714264,480.2208252,9.999999747e-05,86420.00781,16.42987251,2.320454615
54,137.0057856,125.7273082,31.6153872,64.60118823,0.9082579931,107.9608927,6.490299225,298.1477051,0,177.8151398,474.2084961,9.999999747e-05,86485.42969,16.41096878,2.558355919
54.20000076,139.8181465,125.2476749,31.50800854,64.56410168,0.9052601338,107.9149612,6.490309715,298.0974426,0,182.2146759,462.8157959,9.999999747e-05,86551.09375,16.39431381,2.74369587
54.40000153,142.9645106,124.6744676,31.3831296,64.51683797,0.9026001383,108.1475092,6.490923882,298.0821533,0,186.6095428,451.4387207,9.999999747e-05,86617.11719,16.37633705,2.772938135
54.59999847,146.3682637,124.1035199,31.26134034,64.43606596,0.9002730869,108.8050065,6.491446495,298.0377502,0,190.7580109,450.1917114,9.999999747e-05,86683.17969,16.37120438,3.100766932
54.79999924,150.2520331,123.4108091,31.11278885,64.35967238,0.8985165015,109.6995541,6.492161274,297.9989929,0,194.6997223,438.0722961,9.999999747e-05,86749.32812,16.36735344,3.293267839
55,153.9249638,122.6501729,30.9595596,64.29141333,0.8970248638,110.5488097,6.492912292,297.9457703,0,198.3545532,426.4442139,9.999999747e-05,86815.41406,16.36955452,3.562996423
55.20000076,157.6706753,121.7912452,30.79407014,64.2294474,0.8958958328,111.4638892,6.494033813,299.1519775,0,201.7094269,127.9332657,443.5603027,86881.26562,16.3696804,3.655471288
55.40000153,168.1616116,126.5233679,31.3401613,62.58436814,0.877851508,131.5950211,6.494392872,299.0656128,0,204.6146393,542.435791,44.35602951,86950.78125,16.1744957,3.278932323
55.59999847,173.8096921,123.2696122,30.85976136,62.74069772,0.8873227056,125.1415796,6.495232582,298.8842773,0,207.3799438,546.795105,4.435603142,87017.53125,16.28808403,3.723912019
55.79999924,174.8996919,122.034223,30.61909807,62.97615078,0.8899955766,124.7664049,6.496184826,298.6978455,0,209.8053589,524.8409424,0.4435603023,87084.17969,16.33061409,3.982465304
56,174.8150986,121.2919674,30.51175093,63.18189225,0.8903069963,122.8723212,6.497152805,298.5116272,0,211.8509521,495.0498657,0.04435602948,87150.67188,16.34704208,4.172128013
56.20000076,174.7497941,120.532309,30.4146075,63.36776601,0.8902215521,120.8411105,6.498215675,298.364624,0,213.5097809,458.3648071,0.004435603041,87217.04688,16.35511017,4.261810574
56.40000153,175.0956944,119.7601075,30.31229839,63.50054888,0.8900290062,119.4419333,6.499329567,298.2165222,0,214.743103,428.2370605,0.0004435603041,87283.07031,16.3660965,4.402551658
56.59999847,175.7692957,118.9695812,30.20517777,63.60934424,0.8899929171,118.4498091,6.500487328,298.1263123,0,215.5310974,391.920105,9.999999747e-05,87348.9375,16.3713913,4.437104152
56.79999924,176.2962821,118.3428658,30.11951378,63.6771495,0.8897843083,117.8313729,6.501585007,298.0578918,0,215.8559875,370.0210266,9.999999747e-05,87414.55469,16.37621689,4.497726724
57,176.7868463,117.9122559,30.05793752,63.72291038,0.8895660384,117.4325148,6.502328873,298.0434875,0,215.7421112,351.831604,9.999999747e-05,87480.14062,16.37423897,4.480993413
57.20000076,176.7379188,117.8095611,30.03954787,63.75069074,0.8890778778,117.0468847,6.503075123,298.0028076,0,215.3315582,349.5466003,9.999999747e-05,87545.38281,16.37556076,4.574724253
57.40000153,176.7855104,117.7411936,30.02460428,63.78598555,0.8887441195,116.6519914,6.503653526,297.9674377,0,214.6214752,337.2484741,9.999999747e-05,87610.36719,16.37451744,4.619581135
57.59999847,176.3491137,117.7302551,30.02035142,63.83544877,0.8883410927,116.0442409,6.504023552,297.9415283,0,213.6805267,325.4529724,9.999999747e-05,87675.14062,16.37161636,4.651881298
57.79999924,175.6397884,117.8185605,30.02978451,63.88778578,0.8878639773,115.3525585,6.50427103,298.8617249,0,212.5918121,97.63589478,336.0688477,87739.50781,16.36723709,4.6693507
58,175.7745802,123.7742889,30.69884776,63.04918442,0.8737515114,124.0393115,6.502733231,298.8409119,0,211.403717,413.0987549,33.606884,87806.92188,16.19225121,4.343871101
58.20000076,177.8265169,121.3774531,30.44583091,63.07093407,0.879936872,121.1387054,6.501923561,298.7369385,0,210.836319,431.3334961,3.360688448,87872.50781,16.26481438,4.535565575
58.40000153,177.4069465,120.9467586,30.35782497,63.22557963,0.8814622035,120.8360368,6.501377106,298.602417,0,210.5846558,427.1512146,0.3360688388,87937.79688,16.28774452,4.654018437
58.59999847,176.0644859,120.8218935,30.34903344,63.40144281,0.8815065327,118.9602702,6.500894547,298.4893188,0,210.5530853,409.1585693,0.03360688686,88002.99219,16.29003525,4.693530748
58.79999924,174.8962537,120.6286316,30.33412779,63.55051341,0.8811915704,117.1282035,6.500550747,298.3715515,0,210.7150269,393.7440186,0.003360688454,88067.95312,16.29262161,4.758694105
59,174.2398677,120.3282102,30.30031762,63.68258288,0.880990432,115.5715259,6.500310421,298.2865906,0,211.014267,372.3088074,0.000336068857,88132.82812,16.29314232,4.78953728
59.20000076,173.9526725,119.9902625,30.25573735,63.77594069,0.8807175652,114.5302784,6.500203609,298.2147217,0,211.4097595,357.8108521,9.999999747e-05,88197.5625,16.29509544,4.833071854
59.40000153,174.1209059,119.6440202,30.20558364,63.83968969,0.8804804971,113.886074,6.500244617,298.1506042,0,211.8479919,344.4031372,9.999999747e-05,88262.13281,16.29792976,4.878545702
59.59999847,174.4986484,119.2795349,30.15137702,63.88837475,0.8802844223,113.459882,6.500513077,298.072876,0,212.2696228,330.870636,9.999999747e-05,88326.39844,16.30372238,4.9308207
59.79999924,175.0425099,118.8343006,30.08666784,63.93856316,0.8802644405,113.106965,6.500947475,298.0015869,0,212.5836639,310.1871338,9.999999747e-05,88390.39062,16.30988312,4.969539941
60,175.5010738,118.3665764,30.02023937,63.98516618,0.8802777073,112.8316674,6.501487732,297.947876,0,212.7241669,288.9100952,9.999999747e-05,88454.1875,16.31511688,5.003435638
60.20000076,175.8433337,117.976066,29.96434427,64.02124897,0.8802185921,112.6503736,6.502102375,298.7500916,0,212.6486816,86.67302704,297.6343994,88517.64062,16.3183136,5.024107975
60.40000153,176.1164283,123.3590384,30.55046205,63.28079793,0.8654613139,120.3174811,6.500667572,298.726593,0,212.3273621,361.886261,29.76343918,88584.08594,16.14571762,4.869637375
60.59999847,178.5772816,120.8900902,30.29198476,63.25644883,0.8717658644,118.1500313,6.500312805,298.6107483,0,212.5870667,375.8955994,2.97634387,88648.85156,16.22122574,4.992054377
60.79999924,178.74757,120.21474,30.17300359,63.40578108,0.8736500371,118.0249796,6.500221252,298.5161743,0,212.9785156,363.3477173,0.297634393,88713.60156,16.24401283,5.036432193
61,178.4077292,119.8672403,30.12414352,63.52278144,0.8739110461,117.0790786,6.500034809,298.4616089,0,213.4091187,354.4895935,0.02976343781,88778.46094,16.24748421,5.061739264
61.20000076,178.438213,119.6152245,30.08821978,63.58128696,0.8736855374,116.4835917,6.500120163,298.3903198,0,213.9155121,355.7391357,0.002976343967,88843.15625,16.25131989,5.101717155
61.40000153,178.8094617,119.3262444,30.04835114,63.63717952,0.8736095154,115.8940602,6.500412464,298.313324,0,214.3865509,348.8549194,0.0002976343967,88907.63281,16.25593758,5.135204037
61.59999847,179.0880953,118.9694172,30.00118645,63.70165468,0.8736565885,115.285319,6.500809193,298.2449646,0,214.7409363,337.4628296,9.999999747e-05,88971.9375,16.26089859,5.166553305
61.79999924,179.3160849,118.6136474,29.95374532,63.75970201,0.8737043337,114.8045829,6.501385689,298.1719971,0,214.9368744,326.2097473,9.999999747e-05,89035.99219,16.26706696,5.190609388
62,179.5470161,118.2512515,29.90606913,63.81833311,0.8738270906,114.3589019,6.501903057,298.1221924,0,214.9019165,310.7303772,9.999999747e-05,89099.90625,16.27125359,5.22332032
62.20000076,179.5449731,117.9831112,29.86990824,63.86566211,0.873775605,114.0210359,6.502461433,298.0744934,0,214.6608734,300.5491943,9.999999747e-05,89163.625,16.27474594,5.24454415
62.40000153,179.5246534,117.7824976,29.84218068,63.90912125,0.8736801488,113.7003767,6.503074646,298.0235596,0,214.1960602,289.0474548,9.999999747e-05,89227.0625,16.27770996,5.25741009
62.59999847,179.3496533,117.6043003,29.81850347,63.95826047,0.8735941763,113.3123748,6.503638744,297.979187,0,213.4859772,274.6285706,9.999999747e-05,89290.26562,16.27965927,5.273784324
62.79999924,178.9238174,117.4861194,29.80295735,64.01003052,0.8734320972,112.8778207,6.504123688,297.9400024,0,212.5506439,260.5795288,9.999999747e-05,89353.21875,16.28042603,5.286651285
63,178.3149419,117.4357548,29.79606317,64.06303647,0.8731890028,112.4000556,6.504383087,298.6777344,0,211.4214172,78.17386627,273.2278748,89415.92188,16.27780914,5.311960474
63.20000076,177.8308151,122.9650403,30.38168257,63.37912714,0.8570699741,119.4000319,6.502377987,298.6647644,0,210.1888428,330.7325439,27.32278633,89481.375,16.09555054,5.240233469
63.40000153,179.0606515,120.8132855,30.18749156,63.35304508,0.8630577718,117.0340529,6.501533508,298.5628662,0,209.7650757,346.1352844,2.732278585,89545.27344,16.16408539,5.291136803
63.59999847,178.4364933,120.3405655,30.10356923,63.51370251,0.864733516,116.6442739,6.50105238,298.4571838,0,209.668045,336.012085,0.2732278705,89609.05469,16.18532753,5.312788101
63.79999924,177.5065396,120.0729146,30.07132176,63.66130057,0.8650772734,115.2985076,6.500804424,298.3360901,0,209.7660217,321.4230652,0.02732278593,89672.54688,16.19479179,5.304466199
64,176.7975193,119.6942685,30.03043493,63.80647108,0.8654675909,113.7901587,6.500700951,298.2131653,0,209.963623,297.5856934,0.002732278546,89735.6875,16.2047596,5.289679315
64.19999695,176.2862892,119.1737927,29.96997083,63.94173217,0.8660598355,112.5334787,6.500932693,298.1255188,0,210.2027435,268.6809082,0.0002732278663,89798.6875,16.21432304,5.32255857
64.40000153,176.0905846,118.6468856,29.90417137,64.03093657,0.8665726032,111.8988349,6.501379013,298.0556641,0,210.3486633,247.3567352,9.999999747e-05,89861.51562,16.22421837,5.337899321
64.59999847,176.1911311,118.1880346,29.84448762,64.09017354,0.8669822853,111.6042588,6.501977444,298.0074768,0,210.3163452,228.6260071,9.999999747e-05,89924.21094,16.23191833,5.365964042
64.80000305,176.2755157,117.8356967,29.79735709,64.13001395,0.8672007884,111.4835149,6.502608776,297.9607239,0,210.0448914,214.6161804,9.999999747e-05,89986.64062,16.23860931,5.357812507
65,176.3118409,117.5536838,29.75941096,64.16754117,0.8673444401,111.3487856,6.503120422,297.9096375,0,209.5212555,199.119873,9.999999747e-05,90048.69531,16.24461937,5.325421019
65.19999695,176.1572252,117.290382,29.72510398,64.21189526,0.8674750927,111.1249343,6.503764153,298.5004883,0,208.7934418,59.73596191,220.8184967,90110.53125,16.24725723,5.366149807
65.40000153,175.0826091,122.1635812,30.23285492,63.73976458,0.8532219546,115.6431071,6.502181053,298.4678955,0,207.8073273,260.5692139,22.08185005,90174.63281,16.08998871,5.392106986
65.59999847,176.0759593,120.2252525,30.06268917,63.70225698,0.858324276,114.0002748,6.50160265,298.3902588,0,207.4622345,263.6641846,2.208184958,90237.64062,16.14579201,5.416892707
65.80000305,175.5182807,119.7203553,29.98009647,63.82484374,0.8597872699,113.9295655,6.501347542,298.3197632,0,207.3380737,254.6681824,0.2208185047,90300.64844,16.16389656,5.439007869
66,175.0348146,119.4476223,29.94252816,63.91715581,0.8600934685,113.2879552,6.501259327,298.2608032,0,207.3181152,245.56604,0.0220818501,90363.60938,16.16974449,5.460748621
66.19999695,174.7846824,119.1913766,29.90966784,63.9839465,0.8601941235,112.7178851,6.501291752,298.2158813,0,207.333786,237.7474518,0.002208184917,90426.52344,16.17320442,5.490066233
66.40000153,174.7087137,118.9577877,29.878254,64.03017228,0.8602056286,112.3644495,6.501348495,298.1891479,0,207.3366547,232.4709625,0.0002208185033,90489.46875,16.17506409,5.532873864
66.59999847,174.7324213,118.7869917,29.85261781,64.05599311,0.8600507177,112.2279379,6.501454353,298.165741,0,207.3171234,231.6754913,9.999999747e-05,90552.36719,16.17614555,5.55188171
66.80000305,174.8648134,118.6493689,29.83070079,64.07402798,0.8598412649,112.1491131,6.501617908,298.1423645,0,207.2551575,230.8934174,9.999999747e-05,90615.17969,16.17677498,5.563877227
67,174.9894401,118.5151684,29.80961371,64.09167325,0.8596389913,112.0694042,6.501902103,298.1091919,0,207.1278839,229.2238159,9.999999747e-05,90677.8125,16.17834663,5.551328124
67.19999695,175.0980974,118.346765,29.785614,64.11749748,0.859561353,111.9157545,6.502251148,298.0733643,0,206.8865814,223.2892609,9.999999747e-05,90740.25,16.18076134,5.545970197
67.40000153,175.0696006,118.1602281,29.76021383,64.14969516,0.8595488162,111.7283168,6.50263834,298.0333862,0,206.5058289,215.2778778,9.999999747e-05,90802.44531,16.18405724,5.529617377
67.59999847,174.9391269,117.9655143,29.73452279,64.18763564,0.8595889059,111.5020732,6.503021717,297.9967651,0,205.9703979,204.4975586,9.999999747e-05,90864.4375,16.18727303,5.525987611
67.80000305,174.6582203,117.7910786,29.71148422,64.22677857,0.8595956268,111.2757826,6.503374577,297.9736328,0,205.281723,193.4217224,9.999999747e-05,90926.3125,16.18908119,5.552331848
68,174.2313354,117.6965023,29.69728868,64.259483,0.8594254306,111.1005361,6.503647804,297.9564514,0,204.4519043,185.596283,9.999999747e-05,90988.05469,16.18914986,5.563416208
68.19999695,173.7371171,117.6736268,29.69134981,64.28881458,0.8591070045,110.9154354,6.503695488,297.9215088,0,203.5130463,178.8470612,9.999999747e-05,91049.42188,16.18935204,5.492948913
68.40000153,173.2093061,117.601055,29.68100408,64.33064038,0.8589086456,110.5777475,6.503840446,298.460083,0,202.5556183,53.65411758,200.7254333,91110.66406,16.18759918,5.548365234
68.59999847,172.7863493,122.1954498,30.13933138,63.84707899,0.8435860569,115.4733876,6.501832485,298.435791,0,201.539032,236.7779083,20.07254219,91173.9375,16.02539253,5.576150028
68.80000305,173.596818,120.3866854,29.98998547,63.79456389,0.8486254959,113.7611597,6.50090456,298.368866,0,201.3330383,241.618042,2.007254362,91236.19531,16.07929802,5.586883349
69,172.7673452,119.9039958,29.9130056,63.91578957,0.8501319276,113.6694919,6.500313759,298.2932434,0,201.4877472,235.0537415,0.2007254213,91298.4375,14.82436657,5.565763799
69.19999695,182.0107589,118.374677,30.11587332,63.37647042,0.8390742986,98.47915135,6.5004282,298.2226257,0,201.8812256,223.2979736,0.02007254213,91355.33594,14.70628738,5.543997254
69.40000153,183.4276627,117.7010308,30.04960035,63.39598723,0.8391696591,97.29507856,6.500582218,298.14328,0,202.2277527,210.4955292,0.002007254167,91411.42188,14.71212959,5.477362807
69.59999847,183.321163,117.2040545,29.97771621,63.47127251,0.840393678,97.13043896,6.501229763,298.0892944,0,202.5147247,191.9962311,0.0002007254225,91467.53906,14.70586395,5.516742601
69.80000305,183.5008199,116.7015447,29.90963908,63.51311801,0.8414335755,97.21503941,6.502040863,298.0447388,0,202.5411224,179.3412628,9.999999747e-05,91523.5,14.70589352,5.516276734
70,183.7309893,116.3113086,29.85430008,63.54091048,0.8422344896,97.41223105,6.502476215,297.9918213,0,202.2441406,167.7263641,9.999999747e-05,91579.10156,14.71721172,5.439785769
70.19999695,183.6346938,115.9833712,29.80480589,63.58361967,0.8429781799,97.51121234,6.503065109,297.954834,0,201.774826,151.4753571,9.999999747e-05,91634.58594,14.71019268,5.452532347
70.40000153,183.685668,115.6706921,29.76219063,63.60809787,0.843437081,97.55508914,6.503111362,297.9152832,0,201.068222,138.8061829,9.999999747e-05,91689.67969,14.71500778,5.384371415
70.59999847,183.4285822,115.4580736,29.72919421,63.64382669,0.843723742,97.51452275,6.503475666,298.3335266,0,200.3454437,41.64185333,158.362915,91744.57812,14.69925404,5.411079075
70.80000305,186.4146005,119.7064029,30.24412357,63.26182665,0.8280042284,95.91760316,6.501866341,298.3029175,0,199.4741974,183.0481262,15.83629131,91799.53125,14.48893452,5.50994494
71,188.2266941,117.4411395,29.99699026,63.19502409,0.8331836758,97.55674287,6.501375675,298.2337952,0,199.2540588,181.8609009,1.583629131,91853.74219,14.5473156,5.464606908
71.19999695,186.736999,116.9973801,29.92414343,63.29875334,0.8351517439,97.83435564,6.500717163,298.1612244,0,199.2202759,169.6049194,0.1583629102,91908.07812,14.56673527,5.410582667
71.40000153,185.9295775,116.6284147,29.86855768,63.38905138,0.8361731662,97.52320171,6.500449657,298.1038513,0,199.4539795,153.8490295,0.01583629102,91962.49219,14.56579304,5.414204284
71.59999847,185.7137703,116.180755,29.8079788,63.4470585,0.8371125223,97.41325842,6.500588894,298.0592651,0,199.7929382,140.6446838,0.001583629171,92016.89844,14.56456375,5.418446552
71.80000305,185.7984676,115.7432928,29.74910249,63.48174598,0.8380098689,97.56295882,6.500806332,298.0205383,0,200.0760803,129.5897522,0.00015836292,92071.21875,14.56798553,5.3949975
72,185.9019495,115.3498613,29.69522036,63.50884259,0.8388216504,97.80853792,6.50158596,297.996521,0,200.2733459,118.7839127,9.999999747e-05,92125.58594,14.55994797,5.428162077
72.19999695,186.3618167,114.9751994,29.64614419,63.51168184,0.8394661853,98.16030709,6.502256393,297.9745178,0,200.157074,111.5593338,9.999999747e-05,92179.75,14.56067753,5.402453092
72.40000153,186.6195327,114.7186519,29.60945026,63.51779364,0.8398838675,98.45008458,6.503317356,297.9651184,0,199.7748413,104.0191956,9.999999747e-05,92233.86719,14.54550266,5.447318994
72.59999847,187.1558447,114.5100498,29.58109871,63.50519355,0.8400072328,98.69284068,6.50440073,297.9617615,0,198.9666138,99.98995209,9.999999747e-05,92287.75781,14.53076744,5.470021707
72.80000305,155.9164884,95.25682809,30.26214008,67.49312542,0.747232104,79.70695234,6.512896538,297.9423218,0,197.7261505,97.58625793,9.999999747e-05,92338.88281,13.94270229,5.06064573
73,160.5938813,92.31482679,30.63885377,68.2735809,0.7063885923,74.43572334,6.520355225,298.2332458,0,193.0632324,29.275877,114.1050339,92386.07031,13.61022282,4.921666246
73.19999695,154.7876149,90.68060894,31.38686439,69.74539029,0.6655973665,59.88751461,6.526217461,298.2102661,0,185.4438782,127.625,11.41050339,92429.54688,13.23840809,4.936195465
73.40000153,162.3252502,89.91168476,31.30594767,69.90223545,0.6528667171,60.97687579,6.52999115,298.1641235,0,175.4814758,126.2628479,1.141050339,92469.39844,13.11221504,4.908908952
73.59999847,164.2790872,89.22680258,31.29584944,70.125016,0.6452819625,59.62745209,6.529977322,298.110199,0,164.0114441,118.4039001,0.1141050383,92505.85156,13.03351212,4.793550418
73.80000305,165.345674,88.17473229,31.18662614,70.18845439,0.6415779994,59.08135481,6.52756834,298.0670166,0,152.5526581,106.2962341,0.01141050365,92539.28125,12.98085785,4.753159593
74,166.3560216,86.87139535,30.98744238,70.09117496,0.640775801,59.66446471,6.522845745,298.0304565,0,142.0532227,95.93704224,0.001141050365,92570.03125,12.95868778,4.687209764
74.19999695,166.8717553,85.40594764,30.71764862,69.85286173,0.6427614531,61.25724854,6.515780449,297.9955444,0,133.4427643,86.15808105,0.0001141050379,92598.67969,12.96830177,4.579958213
74.40000153,166.6288526,83.74831445,30.40360298,69.50519032,0.6476297055,63.68584584,6.509624958,297.9742126,0,127.6586227,75.52871704,9.999999747e-05,92626.26562,12.99644947,4.574428055
74.59999847,166.0577682,82.47016726,30.14981854,69.19975785,0.6527769013,65.87747382,6.503939629,297.9584045,0,124.3262329,68.26283264,9.999999747e-05,92653.33594,13.03103924,4.539190593
74.80000305,165.1585038,81.4682084,29.95908882,68.95080742,0.6578480606,67.69542177,6.498379707,297.9430237,0,123.2693024,62.01078033,9.999999747e-05,92680.375,13.06950951,4.470469912
75,164.0705602,80.65168535,29.82432774,68.74582695,0.6630139891,69.26992256,6.492993832,298.1315613,0,124.4374924,18.60323334,74.07946014,92707.80469,13.11212444,4.381055418
75.19999695,157.0395,78.77589151,30.03230807,69.12369342,0.6570652441,64.21452733,6.488570213,298.0984192,0,127.7597733,81.62604523,7.40794611,92735.70312,13.06654739,4.275382577
75.40000153,159.9881982,79.4863958,29.87577713,68.76537497,0.663860618,68.3641643,6.485181332,298.0526733,0,132.8489075,73.71264648,0.7407945991,92764.98438,13.11277294,4.25836014
75.59999847,159.7508657,79.69298286,29.89408554,68.64769531,0.6691486916,69.88249709,6.484998226,298.0198975,0,139.2932434,61.87281418,0.0740794614,92796.07031,13.14235306,4.310439831
75.80000305,159.744068,80.45245918,30.02160734,68.68056833,0.6709179509,70.22274435,6.488431454,298.0032654,0,145.8036957,52.88110733,0.007407946046,92828.91406,13.13087845,4.430904937
76,160.420721,81.66250745,30.22609873,68.85528461,0.6683601909,69.48184632,6.491690636,297.9891357,0,150.9391937,48.1362915,0.0007407945814,92862.82031,13.08885765,4.446371476
76.19999695,161.2996632,82.49334296,30.40198743,69.04108244,0.6649071878,68.57429301,6.494334221,297.9765625,0,154.7833405,43.51277161,9.999999747e-05,92897.35156,13.04341412,4.438364873
76.40000153,162.1479576,83.04693284,30.53724173,69.19831243,0.6618637335,67.81365411,6.498213291,297.97229,0,157.5713043,38.87387466,9.999999747e-05,92932.375,12.99337006,4.508959668
76.59999847,163.1097753,83.72932845,30.67807767,69.39121246,0.6577197817,66.73279032,6.502645969,297.9745178,0,158.801651,36.6059227,9.999999747e-05,92967.52344,12.93027878,4.585479972
76.80000305,164.1727281,84.3487786,30.81138578,69.61156699,0.6526932239,65.36281263,6.504918575,297.9736023,0,158.2611542,36.36909103,9.999999747e-05,93002.1875,12.87130833,4.549261377
77,164.9731309,84.5160546,30.87697082,69.75358894,0.6492480261,64.46868421,6.506625175,297.974884,0,156.8204346,35.08426285,9.999999747e-05,93036.29688,12.82143879,4.564527785
77.19999695,165.6951711,84.60913133,30.915271,69.86058733,0.6464541938,63.78943587,6.506084442,297.97229,0,154.6919861,34.54033661,9.999999747e-05,93069.64062,12.78634739,4.502457145
77.40000153,166.0521097,84.37108237,30.89507662,69.87568917,0.645508259,63.73014066,6.505498886,297.972168,0,152.7854462,32.69616318,9.999999747e-05,93102.48438,12.76097107,4.508505867
77.59999847,166.3357641,84.20203669,30.87327599,69.87779959,0.644878517,63.7718409,6.50642395,297.9787903,0,151.1059875,31.63092995,9.999999747e-05,93135.04688,12.72869396,4.589946329
77.80000305,166.8229101,84.30455616,30.88795914,69.93830716,0.6430839887,63.38984209,6.506507397,297.9842224,0,149.0515289,32.87240219,9.999999747e-05,93167.05469,12.69458199,4.588679385
78,167.221314,84.23788105,30.88072785,69.97198657,0.6417710161,63.17018208,6.504167557,297.9825745,0,146.9711761,33.9001503,9.999999747e-05,93198.375,12.6769371,4.499335458
78.19999695,167.199298,83.79997485,30.81733469,69.9077409,0.6424469252,63.65073221,6.501019955,297.978363,0,145.8320923,32.70291901,9.999999747e-05,93229.39062,12.67581654,4.442572867
78.40000153,166.8987255,83.32563046,30.74710554,69.80719272,0.6441434131,64.43040766,6.498438358,297.9749451,0,145.9469604,30.60666847,9.999999747e-05,93260.52344,12.68035889,4.425262798
78.59999847,166.5212859,83.04756456,30.70926238,69.73289323,0.6456857204,65.06101207,6.497309685,297.9744873,0,147.0900269,28.65116119,9.999999747e-05,93292.0625,12.67873096,4.447695387
78.80000305,166.2871414,83.06992435,30.72159042,69.72285653,0.6461559692,65.26341581,6.496992588,297.9752502,0,148.6816711,27.5822506,9.999999747e-05,93324.03125,12.66783524,4.461171198
79,166.1924326,83.21756051,30.76041666,69.75218221,0.6458905145,65.19865809,6.497262478,297.9767456,0,150.4021301,26.88967133,9.999999747e-05,93356.41406,12.6501112,4.474524334
79.19999695,166.2236652,83.4415738,30.81384825,69.8065391,0.6451116862,64.96393962,6.498774529,297.9812622,0,152.0153198,26.47576523,9.999999747e-05,93389.1875,12.62230492,4.52688517
79.40000153,166.4958619,83.84196777,30.89212475,69.90822326,0.6433109669,64.39499562,6.502654076,297.9935608,0,153.0213928,27.14172745,9.999999747e-05,93422.28906,12.57176685,4.668280653
79.59999847,167.2906893,84.53709975,31.01396083,70.10336415,0.6395228176,63.15022024,6.506315708,298.0069885,0,152.4719086,30.64977455,9.999999747e-05,93455.125,12.50953007,4.737149857
79.80000305,168.2813212,85.06579216,31.10960391,70.29109146,0.6357203703,61.90236437,6.509831429,298.0230103,0,150.466095,34.94748306,9.999999747e-05,93487.34375,12.44310474,4.826447495
80,169.4979503,85.49903332,31.17874491,70.46244259,0.6320798006,60.73227837,6.510617733,298.030365,0,147.0536346,40.63821793,9.999999747e-05,93518.38281,12.39751911,4.767764643
80.19999695,170.3135865,85.52848593,31.16218636,70.50792975,0.6304501169,60.39635087,6.509284973,298.03125,0,143.3352051,43.9164238,9.999999747e-05,93548.35156,12.37102318,4.712196372
80.40000153,170.8058399,85.22572883,31.08548718,70.45241279,0.6304445471,60.78577571,6.506654739,298.0278625,0,140.1481323,45.30418396,9.999999747e-05,93577.49219,12.36047459,4.663767678
80.59999847,170.9450066,84.75045024,30.98283612,70.34011225,0.6315261456,61.5976779,6.503357887,298.0214844,0,138.0105743,45.30598068,9.999999747e-05,93606.15625,12.36176777,4.616531371
80.80000305,170.7499235,84.2193304,30.88080094,70.20681108,0.6332810522,62.58350059,6.50130558,298.0183411,0,137.1898804,44.17105865,9.999999747e-05,93634.80469,12.36094952,4.640782654
81,170.6010212,83.95833809,30.8307282,70.13350634,0.6343274115,63.18223942,6.498766422,298.0113525,0,137.1837921,43.93923569,9.999999747e-05,93663.46094,12.36444664,4.588719896
81.19999695,170.1931128,83.65628277,30.7860565,70.05351772,0.6357664787,63.8331367,6.497525692,298.006958,0,138.1989746,42.24137115,9.999999747e-05,93692.5,12.36308193,4.606700182
81.40000153,169.93105,83.61783266,30.78939037,70.0314901,0.6363836599,64.11362386,6.495368004,297.997345,0,139.7046356,41.20795822,9.999999747e-05,93721.83594,12.36705971,4.531797508
81.59999847,169.4151954,83.44102406,30.78089737,69.98069025,0.6377109444,64.59951156,6.495052814,297.9922791,0,142.0805817,38.18220139,9.999999747e-05,93751.85938,12.36374092,4.566179082
81.80000305,169.1828121,83.62333926,30.82772149,70.00266776,0.6378204572,64.61547956,6.494311333,297.9847107,0,144.5735626,36.40915298,9.999999747e-05,93782.42188,12.35929203,4.522108741
82,168.8824451,83.71941618,30.8658292,70.011007,0.6382164835,64.72493618,6.495937347,297.9841614,0,147.3705292,33.54642487,9.999999747e-05,93813.76562,12.34059238,4.601106264
82.19999695,169.0390976,84.21889061,30.9594056,70.10776525,0.6369223108,64.2440792,6.499106407,297.9893188,0,149.5079193,32.84302902,9.999999747e-05,93845.67188,12.30183887,4.693319167
82.40000153,169.6394891,84.88826047,31.07599205,70.26441112,0.6343661312,63.33421104,6.501283646,297.9921875,0,150.3801727,34.03053665,9.999999747e-05,93877.59375,12.26371384,4.68874644
82.59999847,170.21545,85.32678583,31.1494131,70.37557358,0.6324532759,62.70368751,6.502933502,297.994812,0,150.3897095,34.58348465,9.999999747e-05,93909.38281,12.22893524,4.700824903
82.80000305,170.8257871,85.64758565,31.1957571,70.455846,0.6309373424,62.27602849,6.504476547,297.9988403,0,149.7379303,35.16845703,9.999999747e-05,93940.95312,12.19402218,4.735166658
83,171.5231913,85.93154222,31.2289289,70.52539196,0.629490768,61.91084677,6.506576538,298.0073242,0,148.4674377,36.35082245,9.999999747e-05,93972.24219,12.15154552,4.817220136
83.19999695,172.4871519,86.26851944,31.2646936,70.61215995,0.6276502555,61.41902587,6.508327961,298.0171509,0,146.3548126,39.20301437,9.999999747e-05,94002.96875,12.10852146,4.870028942
83.40000153,173.5208382,86.53758323,31.27967645,70.67950729,0.6259996137,61.0359407,6.507750511,298.0192566,0,143.5445557,42.80099487,9.999999747e-05,94032.78906,12.08548546,4.803169817
83.59999847,174.0658465,86.47478097,31.23033959,70.64726849,0.6258183947,61.30562281,6.507209778,298.0232544,0,140.9718628,44.09930038,9.999999747e-05,94062.07812,12.0611887,4.838869581
83.80000305,174.724145,86.37011436,31.18090451,70.6115829,0.6256938293,61.63453862,6.505343437,298.0220642,0,138.6079254,46.1866684,9.999999747e-05,94090.72656,12.05191708,4.788573887
84,174.9175111,86.11008981,31.10535652,70.52653494,0.6264286604,62.28102497,6.503770351,298.0218201,0,136.9949646,46.61170959,9.999999747e-05,94119.10938,12.04190445,4.801949682
84.19999695,175.1126871,85.88749041,31.04729693,70.45707769,0.627069906,62.84890361,6.502998352,298.0240784,0,136.0059662,47.36295319,9.999999747e-05,94147.38281,12.02773666,4.841331781
84.40000153,175.3745677,85.82279796,31.01915559,70.42577793,0.6272266442,63.16186302,6.500909328,298.019043,0,135.3241425,48.96722031,9.999999747e-05,94175.39844,12.02759266,4.76453765
84.59999847,175.1387742,85.59257703,30.96796318,70.34936692,0.6282635051,63.7606557,6.498737812,298.0117798,0,135.4848328,48.11346436,9.999999747e-05,94203.51562,12.0309267,4.727501985
84.80000305,174.7866362,85.34902986,30.92840892,70.27453898,0.6294867354,64.37743764,6.497793674,298.0073242,0,136.5100861,46.35915756,9.999999747e-05,94232.01562,12.02794838,4.749119015
85,174.5952397,85.34027671,30.93244931,70.25367277,0.6299703946,64.647182,6.497078419,298.0018005,0,137.9087219,45.3207283,9.999999747e-05,94260.86719,12.02406406,4.731803551
85.19999695,174.3653015,85.39602671,30.94861657,70.24589962,0.6303206286,64.82589482,6.496738911,297.9962769,0,139.5967102,43.72511673,9.999999747e-05,94290.14844,12.01762104,4.723729394
85.40000153,174.2077942,85.5146113,30.97666984,70.25233536,0.6304693259,64.92164003,6.497139454,297.9926453,0,141.4200745,41.92624283,9.999999747e-05,94319.90625,12.00531578,4.74060073
85.59999847,174.2326592,85.75206004,31.02197453,70.28539573,0.6301521976,64.8490295,6.499768257,297.9980469,0,143.0818787,40.56959915,9.999999747e-05,94350.21094,11.97032547,4.865150223
85.80000305,174.9251652,86.29935386,31.11210263,70.39962232,0.6283388201,64.25272863,6.500432968,297.9957275,0,143.687149,42.18434143,9.999999747e-05,94380.38281,11.95222282,4.788756801
86,175.1414567,86.56994122,31.14247973,70.43415162,0.6277674436,64.13597096,6.50019598,297.9909058,0,144.0401306,41.27537537,9.999999747e-05,94410.5625,11.93974876,4.751365235
86.19999695,175.2939874,86.64132359,31.14476288,70.42598123,0.6278365399,64.32871251,6.500355244,297.9882812,0,144.4845428,39.46355057,9.999999747e-05,94440.86719,11.92530155,4.768111929
86.40000153,175.556508,86.77287704,31.15646254,70.43090405,0.6276793536,64.44478682,6.500426769,297.9859619,0,144.8611603,38.25799942,9.999999747e-05,94471.24219,11.91185856,4.765378292
86.59999847,175.7841212,86.90244705,31.1657973,70.43288508,0.6275577998,64.57245559,6.500217438,297.9832458,0,145.2107697,37.04201126,9.999999747e-05,94501.67188,11.90069962,4.751396622
86.80000305,175.9493914,86.98861235,31.16840575,70.42383084,0.6276114189,64.77198812,6.501173019,297.9854126,0,145.6446381,35.59016418,9.999999747e-05,94532.30469,11.87842655,4.813974113
87,176.4548553,87.23481877,31.19685077,70.45710672,0.6269329432,64.70762277,6.501540661,297.9860229,0,145.6916199,35.73648834,9.999999747e-05,94562.85938,11.86154556,4.799961172
87.19999695,176.7958247,87.41736095,31.20818504,70.46850178,0.6265734682,64.76204058,6.5016675,297.9864502,0,145.5971527,35.37784195,9.999999747e-05,94593.375,11.84518719,4.799786695
87.40000153,177.1462513,87.53977669,31.21075453,70.46802514,0.6263704217,64.90196813,6.501739502,297.9872131,0,145.4509583,34.99838638,9.999999747e-05,94623.85156,11.82949924,4.805910462
87.59999847,177.4939641,87.65461931,31.21121852,70.4646222,0.6262006297,65.0607698,6.501592159,297.9875183,0,145.2752533,34.74821472,9.999999747e-05,94654.27344,11.81594753,4.801997935
87.80000305,177.78201,87.74058437,31.20656756,70.45295161,0.6261630096,65.27041754,6.500916004,297.9861145,0,145.1591644,34.37425232,9.999999747e-05,94684.63281,11.80772495,4.776234944
88,177.9094969,87.75362827,31.19149408,70.4223779,0.6264580773,65.59948899,6.500313282,297.9848938,0,145.3145752,33.41498184,9.999999747e-05,94715.0625,11.79947853,4.772313555
88.19999695,178.0352853,87.77547916,31.18152324,70.39507707,0.6267405125,65.91574767,6.4998703,297.9839172,0,145.7089996,32.48084259,9.999999747e-05,94745.625,11.79118443,4.770722512
88.40000153,178.1516227,87.83560511,31.17888935,70.37518097,0.6269418404,66.18428995,6.499759674,297.9837646,0,146.2803802,31.58804893,9.999999747e-05,94776.35156,11.78046417,4.779564192
88.59999847,178.3317289,87.95074444,31.18581991,70.36785413,0.6269528538,66.37541751,6.499923706,297.9842834,0,146.8955078,30.93914413,9.999999747e-05,94807.25781,11.76762009,4.790292004
88.80000305,178.5742917,88.11234462,31.19907816,70.37019088,0.6267997586,66.50523953,6.49955368,297.9827881,0,147.4450684,30.51121902,9.999999747e-05,94838.24219,11.76022625,4.761119778
89,178.6576556,88.2057645,31.20012874,70.35321716,0.6269765478,66.75078374,6.499247551,297.9813843,0,148.1452942,29.40655327,9.999999747e-05,94869.41406,11.75219917,4.755304297
89.19999695,178.7734035,88.29773794,31.20337058,70.33708535,0.6271487049,67.00221727,6.499013901,297.9799805,0,148.9661255,28.28421783,9.999999747e-05,94900.79688,11.74462318,4.748766496
89.40000153,178.8818469,88.41092684,31.20974591,70.32359904,0.6272923814,67.237253,6.497616768,297.9748535,0,149.8803711,27.11564827,9.999999747e-05,94932.3125,11.74855042,4.678131395
89.59999847,178.6424159,88.36814373,31.19314737,70.27016455,0.6281748853,67.71570745,6.49764204,297.9736938,0,151.3575592,24.60132599,9.999999747e-05,94964.32031,11.7407198,4.717813911
89.80000305,178.7807689,88.52046753,31.21173512,70.26445926,0.6282584792,67.9250982,6.498631954,297.9751587,0,152.8162079,23.29604912,9.999999747e-05,94996.72656,11.72528267,4.756486306
90,179.1350208,88.83695806,31.25079973,70.29293845,0.6277215528,67.91416451,6.50049448,297.9796143,0,153.8803406,22.82719803,9.999999747e-05,95029.42969,11.69938755,4.814361242
90.19999695,179.8092287,89.25629018,31.30132639,70.34835811,0.6266271104,67.74044454,6.500586033,297.979126,0,154.199585,23.41833687,9.999999747e-05,95062.02344,11.69015121,4.746707235
90.40000153,180.0216751,89.45165608,31.30746421,70.34253292,0.6265334472,67.91189092,6.501220226,297.9810181,0,154.4909058,22.45872307,9.999999747e-05,95094.75781,11.67169952,4.781534296
90.59999847,180.5440466,89.65211889,31.31984368,70.34864862,0.6261646075,68.04725834,6.501894951,297.9834595,0,154.5211029,22.32593155,9.999999747e-05,95127.48438,11.6541748,4.797546147
90.80000305,181.061989,89.8821957,31.33127559,70.3568272,0.6257318194,68.15466776,6.502303123,297.9856567,0,154.2828827,22.44415474,9.999999747e-05,95160.13281,11.63763046,4.802084223
91,181.5596739,90.06471342,31.33348572,70.35460671,0.6254341959,68.32335337,6.50242424,297.9874878,0,153.8823853,22.56883049,9.999999747e-05,95192.67969,11.62298489,4.803007146
91.19999695,182.0135545,90.20040732,31.32743894,70.34160723,0.6252941108,68.55672426,6.502684116,297.9901123,0,153.4336243,22.6438694,9.999999747e-05,95225.14844,11.60613346,4.823990543
91.40000153,182.543423,90.34241561,31.32272386,70.33180328,0.6250777579,68.77649225,6.50253582,297.9916687,0,152.8794708,23.06498909,9.999999747e-05,95257.46094,11.59386635,4.816782211
91.59999847,182.9401125,90.442024,31.30924835,70.30925314,0.625080184,69.06215965,6.500498295,297.9876404,0,152.3865356,23.21303749,9.999999747e-05,95289.53125,11.60019302,4.723856901
91.80000305,182.7464782,90.29447257,31.25932688,70.2268375,0.6261879122,69.69038908,6.499691486,297.9868164,0,152.7133331,21.50156784,9.999999747e-05,95321.85938,11.59423161,4.759371093
92,182.9303989,90.26966251,31.24041863,70.18106192,0.6267172299,70.14668986,6.499611855,297.9873047,0,153.3529053,20.78124237,9.999999747e-05,95354.39844,11.58621597,4.780642805
92.19999695,183.1784228,90.40309147,31.24299321,70.16331586,0.6268103579,70.41863995,6.498571873,297.9845276,0,154.0258179,20.4593544,9.999999747e-05,95387.03125,11.58845043,4.724718729
92.40000153,183.098062,90.42619689,31.22774165,70.11653914,0.6274762872,70.8469387,6.496335506,297.978241,0,155.1201477,19.02453041,9.999999747e-05,95419.86719,11.6019001,4.642920629
92.59999847,182.6769592,90.27051228,31.19187355,70.03029539,0.6289662608,71.51949046,6.494111538,297.9714661,0,157.1098938,16.29045677,9.999999747e-05,95453.21875,11.61843204,4.595502404
92.80000305,182.2038852,90.12671159,31.16519034,69.94325862,0.6306278355,72.21882173,6.492939472,297.9665222,0,159.985321,13.19167233,9.999999747e-05,95487.35156,11.63048267,4.588034474
93,181.9189583,90.17330075,31.16875814,69.88855215,0.6317777646,72.74496322,6.494468212,297.9670715,0,163.3262939,10.46317673,9.999999747e-05,95522.45312,11.62092972,4.670417692
93.19999695,182.3075812,90.61909749,31.22838782,69.91483564,0.6312782711,72.82353988,6.496361732,297.9683533,0,166.0502167,9.431425095,9.999999747e-05,95558.16406,11.6070261,4.686817997
93.40000153,182.822649,91.11730653,31.28732391,69.951353,0.630483575,72.830629,6.497010231,297.9674072,0,168.0242615,8.63977623,9.999999747e-05,95594.20312,11.60168934,4.638444312
93.59999847,183.1143634,91.42521429,31.31246348,69.94688195,0.6304079229,73.06453824,6.497114658,297.9660034,0,169.7441254,7.114378452,9.999999747e-05,95630.60156,11.59916687,4.6107028
93.80000305,183.3670538,91.62933972,31.32162287,69.9213682,0.630681154,73.43206359,6.499266624,297.9693604,0,171.4200592,5.414883614,9.999999747e-05,95667.53125,11.57783604,4.697522537
94,184.2116255,92.07941678,31.36752017,69.95454239,0.6297000993,73.48944067,6.500785828,297.9720459,0,172.2267303,5.30896759,9.999999747e-05,95704.55469,11.56150246,4.691550344
94.19999695,184.8932796,92.47150438,31.39697942,69.97422934,0.6289391466,73.57977797,6.502219677,297.9754333,0,172.4343719,5.056679726,9.999999747e-05,95741.60938,11.54092884,4.712186639
94.40000153,185.6936882,92.80313619,31.41761085,69.98956126,0.628168979,73.69925303,6.50474596,297.9822083,0,172.0666504,5.166676521,9.999999747e-05,95778.64062,11.50648117,4.79873483
94.59999847,186.9172979,93.23099272,31.45269968,70.0363579,0.6266993523,73.64953488,6.507978916,297.9920959,0,170.6846313,6.556014538,9.999999747e-05,95815.38281,11.46066666,4.900321402
94.80000305,188.494043,93.71652453,31.49260016,70.10566044,0.6247268536,73.46044874,6.509868622,298.0001526,0,168.0106201,9.251141548,9.999999747e-05,95851.34375,11.42695904,4.907439106
95,189.7457543,94.08379485,31.50082878,70.1430765,0.6233271965,73.38064078,6.510221958,298.0058899,0,164.5872803,11.65217495,9.999999747e-05,95886.41406,11.40075016,4.896865273
95.19999695,190.743442,94.21053227,31.4690539,70.1317352,0.6227265263,73.56615655,6.509614944,298.010376,0,161.0234833,13.58233833,9.999999747e-05,95920.625,11.37987423,4.898256712
95.40000153,191.5621941,94.17327874,31.41254585,70.08714518,0.6226807565,73.94794362,6.508979321,298.015564,0,157.7006989,15.30784798,9.999999747e-05,95954.125,11.35751724,4.936353023
95.59999847,192.425679,94.09222236,31.35255008,70.03610466,0.6227407815,74.39163121,6.507853508,298.0194397,0,154.6290436,17.45199776,9.999999747e-05,95986.91406,11.34374714,4.940862054
95.80000305,193.0257914,93.98265837,31.28666853,69.97392292,0.6230800278,74.87646058,6.504841805,298.0172729,0,152.0092163,19.32802963,9.999999747e-05,96019.00781,11.35272026,4.850734781
96,192.8380873,93.67106194,31.19229218,69.86510197,0.6244719369,75.57598945,6.501072407,298.0119629,0,150.5988159,19.28242683,9.999999747e-05,96050.82812,11.36832905,4.786657764
96.19999695,192.3512894,93.20143651,31.09222852,69.73184298,0.6265498924,76.44991091,6.499351978,298.0103455,0,150.6925812,18.11436272,9.999999747e-05,96082.9375,11.36903191,4.842336411
96.40000153,192.3838266,93.00305172,31.04702532,69.6538021,0.6276883154,77.0760025,6.498353958,298.0084534,0,151.4653778,18.04789925,9.999999747e-05,96115.28906,11.37272167,4.844828776
96.59999847,192.3670624,93.0055294,31.03028478,69.60560954,0.6283953225,77.50141044,6.49702692,298.0038757,0,152.6414948,17.79595375,9.999999747e-05,96147.89844,11.3823204,4.798212417
96.80000305,192.1569394,92.98707964,31.01238806,69.54972743,0.6293644097,77.96162899,6.494137287,297.993866,0,154.351944,16.54204941,9.999999747e-05,96180.82031,11.41004372,4.679085606
97,191.3836001,92.77868043,30.9707925,69.45234899,0.6314193877,78.63424017,6.493035793,297.9871521,0,157.2222443,13.27480125,9.999999747e-05,96214.60156,11.421731,4.699278816
97.19999695,191.2060502,92.78124835,30.96926542,69.39196535,0.6326434453,79.18929002,6.493605137,297.9832153,0,160.5223389,10.79663277,9.999999747e-05,96249.24219,11.42387772,4.732285772
97.40000153,191.4155981,93.0677245,31.00424113,69.37606201,0.6328482884,79.51354202,6.495554447,297.9821167,0,163.5949097,9.010594368,9.999999747e-05,96284.65625,11.41223621,4.781659531
97.59999847,192.0857902,93.52039104,31.05870916,69.39168576,0.6321946723,79.69564781,6.498059273,297.9825439,0,165.8885345,8.028152466,9.999999747e-05,96320.58594,11.39402676,4.816916016
97.80000305,192.99167,94.02616861,31.11399117,69.4207045,0.6311255454,79.80383885,6.499965191,297.9823914,0,167.1829224,7.517876148,9.999999747e-05,96356.69531,11.37940502,4.807887799
98,193.8027592,94.44121863,31.1490553,69.43609656,0.6303056632,79.95517213,6.501380444,297.9823303,0,167.7185669,6.806084633,9.999999747e-05,96392.85938,11.36458492,4.805797057
98.19999695,194.6108432,94.74942509,31.16616944,69.4371914,0.6297154172,80.17770251,6.502187729,297.9820862,0,167.687912,6.122837067,9.999999747e-05,96428.9375,11.35305977,4.795467096
98.40000153,195.3111005,94.96751065,31.16744915,69.4240735,0.6294049741,80.45628137,6.503878117,297.985199,0,167.3347626,5.38465929,9.999999747e-05,96464.99219,11.32721043,4.864200483
98.59999847,196.4468264,95.2253325,31.17738281,69.42753868,0.6285839529,80.68726936,6.505059719,297.9881287,0,166.3006439,5.782777786,9.999999747e-05,96500.71875,11.30853748,4.872130695
98.80000305,197.3825461,95.47168184,31.17799553,69.42758311,0.6278846803,80.87472251,6.505134106,297.9895935,0,164.7982635,6.213718891,9.999999747e-05,96535.99219,11.29683208,4.847431972
99,198.0479034,95.564496,31.15399224,69.40098434,0.6277661934,81.17636312,6.504966259,297.991394,0,163.268219,6.251152039,9.999999747e-05,96570.91406,11.28361988,4.856468546
99.19999695,198.7288867,95.5823556,31.12167056,69.36391529,0.627833343,81.55125098,6.505743027,297.9960938,0,161.8024902,6.471522331,9.999999747e-05,96605.58594,11.25884247,4.930411352
99.40000153,199.7873706,95.67529051,31.10331123,69.34489276,0.6274146276,81.87098771,6.505395412,297.9981689,0,160.0222473,7.759032249,9.999999747e-05,96639.71094,11.25229263,4.895429053
99.59999847,200.3016314,95.73166337,31.07094585,69.31276252,0.6274619843,82.16428692,6.505226135,298.0011902,0,158.3877716,8.294372559,9.999999747e-05,96673.52344,11.23551464,4.92785252
99.80000305,201.0585359,95.70517233,31.03368492,69.27225856,0.6275669154,82.56759127,6.505174637,298.0044556,0,156.8167267,9.25403595,9.999999747e-05,96706.98438,11.22163391,4.952803916
100,201.7690259,95.7303475,31.00214864,69.23905748,0.6275672976,82.91086362,6.504649639,298.0063477,0,155.2664337,10.40215969,9.999999747e-05,96740.05469,11.21374702,4.944293525
100.1999969,202.2722736,95.71305476,30.96364319,69.19754089,0.6278227193,83.27335164,6.504062176,298.007843,0,153.9281921,11.19325542,9.999999747e-05,96772.83594,11.20504093,4.952430278
100.4000015,202.7737049,95.66213734,30.92351249,69.1512331,0.6281860206,83.67743243,6.50425148,298.011261,0,152.8235779,11.94036293,9.999999747e-05,96805.45312,11.1872921,5.010382267
100.5999985,203.5763916,95.67708371,30.89646624,69.11793358,0.6281786892,84.05377417,6.503802776,298.0122375,0,151.6403961,13.40088654,9.999999747e-05,96837.71875,11.1838026,4.985478529
100.8000031,203.9673454,95.70290784,30.86544232,69.08290648,0.6284046122,84.36024438,6.502739906,298.0110779,0,150.641449,14.12901402,9.999999747e-05,96869.73438,11.18346882,4.955396966
101,204.1824226,95.61568869,30.8219458,69.02979606,0.6290782309,84.77074634,6.501649857,298.0092163,0,150.0674438,14.18387604,9.999999747e-05,96901.64844,11.18434525,4.94436724
101.1999969,204.3605777,95.51865,30.78153266,68.97443192,0.6298487709,85.20685235,6.500939369,298.0075684,0,149.9276581,13.95979023,9.999999747e-05,96933.57812,11.18311024,4.951560528
101.4000015,204.6305491,95.47216489,30.75221687,68.92640432,0.6304592645,85.62363684,6.500468731,298.0057373,0,150.070755,13.75828075,9.999999747e-05,96965.55469,11.18256187,4.950960885
101.5999985,204.9141821,95.47906374,30.73181817,68.88561923,0.6309373814,86.00092358,6.500406265,298.004364,0,150.4025879,13.42230797,9.999999747e-05,96997.64062,11.17814636,4.963601591
101.8000031,205.339129,95.52973338,30.7193995,68.85139204,0.6312168529,86.36457858,6.5002985,298.0022278,0,150.7587433,13.1777935,9.999999747e-05,97029.78125,11.17723942,4.951645288
102,205.6845134,95.60211816,30.70867095,68.81955983,0.6314940243,86.69648882,6.500936985,298.0020447,0,151.1594849,12.61516953,9.999999747e-05,97062.07031,11.16471577,4.993456945
102.1999969,206.3964019,95.7124213,30.7059828,68.79492205,0.6314196261,87.04800933,6.501097679,298.0001221,0,151.3023224,12.64490986,9.999999747e-05,97094.29688,11.1638155,4.96509689
102.4000015,206.7966506,95.83796903,30.69946734,68.77176037,0.6314825624,87.31936135,6.499873638,297.9944763,0,151.3847046,12.06505013,9.999999747e-05,97126.41406,11.17636013,4.878010687
102.5999985,206.7062075,95.7938508,30.66857861,68.72144347,0.6323925311,87.68882421,6.498507977,297.9885864,0,151.9597168,10.13208199,9.999999747e-05,97158.67188,11.18674469,4.842830451
102.8000031,206.6641238,95.67810462,30.63459583,68.6585916,0.6335783955,88.17376712,6.498259068,297.98526,0,153.0771027,7.933996677,9.999999747e-05,97191.26562,11.18767929,4.870418156
103,207.0076401,95.69823606,30.62411602,68.61433583,0.6341618207,88.61677061,6.498167038,297.9819946,0,154.289856,6.40319252,9.999999747e-05,97224.10156,11.19259834,4.85434412
103.1999969,207.2981491,95.79323249,30.62195303,68.58001056,0.6345667248,88.9800032,6.497924328,297.9784241,0,155.5426178,4.751013279,9.999999747e-05,97257.17188,11.19849396,4.825098727
103.4000015,207.5605341,95.86160105,30.61628146,68.5408632,0.6350994105,89.37190881,6.49905014,297.9782104,0,156.8934021,2.864635944,9.999999747e-05,97290.63281,11.18687916,4.884497473
103.5999985,208.3995874,96.03913816,30.6287019,68.51863761,0.6348849741,89.75930929,6.500324726,297.9785156,0,157.7889557,2.009275913,9.999999747e-05,97324.22656,11.17866993,4.893279986
103.8000031,209.1986434,96.28705296,30.6449796,68.50916384,0.634402261,90.03197625,6.501519203,297.9793091,0,158.178421,1.299990773,9.999999747e-05,97357.84375,11.16691875,4.901305209
104,210.0635692,96.48535426,30.65231406,68.49572565,0.6339570496,90.32716745,6.502530575,297.9804993,0,158.0909882,0.7719234824,9.999999747e-05,97391.38281,11.15548801,4.906700904
104.1999969,210.9078182,96.65141381,30.65229327,68.48050467,0.6335590584,90.61220953,6.50481081,297.9858704,0,157.5992889,0.3923438787,9.999999747e-05,97424.88281,11.12117004,5.016426141
104.4000015,212.4146605,96.85253172,30.65979591,68.47561581,0.6325167842,90.93893924,6.506917477,297.9918518,0,156.1907501,1.510277748,9.999999747e-05,97457.96875,11.09429646,5.058745952
104.5999985,213.7665886,97.1080494,30.66520305,68.4840234,0.631302562,91.1024065,6.508305073,297.9976196,0,153.9441833,3.006575584,9.999999747e-05,97490.4375,11.06850815,5.079238748
104.8000031,214.9840346,97.2398264,30.6480739,68.47846896,0.6304758728,91.30230326,6.510053635,298.0067139,0,151.1443634,4.642382145,9.999999747e-05,97522.32812,11.02606773,5.187912042
105,216.6070363,97.28203674,30.6188651,68.46292108,0.6296175737,91.62632717,6.511424541,298.0168152,0,147.6417236,7.64709425,9.999999747e-05,97553.34375,10.99193096,5.254108949
105.1999969,218.029446,97.34281488,30.58294373,68.4531448,0.6287804257,91.83348195,6.511564732,298.0249329,0,143.5929565,11.31137276,9.999999747e-05,97583.32031,10.97130871,5.253443194
105.4000015,218.9481793,97.2958728,30.52400213,68.42978474,0.6285248469,92.01386949,6.511248589,298.0339966,0,139.4909668,14.66658306,9.999999747e-05,97612.39062,10.94307709,5.310408349
105.5999985,219.9022273,97.07333555,30.44323257,68.38034835,0.6287719843,92.38657827,6.510251045,298.0418701,0,135.5131073,18.67074776,9.999999747e-05,97640.52344,10.92990017,5.325252032
105.8000031,220.4140316,96.85425699,30.36059245,68.33382562,0.6292529959,92.65742849,6.508131504,298.0457153,0,131.9350128,22.59045792,9.999999747e-05,97667.78906,10.93236065,5.280979144
106,220.3313983,96.54517733,30.26807929,68.27733704,0.6303393265,92.91223585,6.505225658,298.0456543,0,129.2062073,25.42780304,9.999999747e-05,97694.4375,10.94357967,5.22945532
106.1999969,219.8564906,96.13382435,30.17174456,68.20751285,0.6320203075,93.23731585,6.502786636,298.0457764,0,127.6387177,27.09936142,9.999999747e-05,97720.875,10.94792938,5.245419423
106.4000015,219.601817,95.7351639,30.09229056,68.13567642,0.6336770927,93.66669414,6.500095367,298.0411682,0,127.0426941,28.84981346,9.999999747e-05,97747.15625,10.97322369,5.174253825
106.5999985,218.8619362,95.47093665,30.0372073,68.08605011,0.6352534073,93.88206399,6.497686386,298.0340881,0,127.5254898,28.97429657,9.999999747e-05,97773.61719,10.99279022,5.131099531
106.8000031,218.2791635,95.19963957,29.99393062,68.02843671,0.6369521879,94.2275441,6.494812965,298.020752,0,128.9701385,28.112854,9.999999747e-05,97800.32812,11.03304291,5.006771216
107,217.2045226,95.00413721,29.96630993,67.98101952,0.6388488472,94.44372423,6.491741657,298.0032654,0,131.5666809,24.84345627,9.999999747e-05,97827.625,11.07520676,4.888680309
107.1999969,216.1089191,94.7624952,29.94338487,67.91753223,0.6412375694,94.81225647,6.490804672,297.9899597,0,135.3908234,19.6915493,9.999999747e-05,97855.96875,11.09442806,4.910652594
107.4000015,215.9831199,94.75874686,29.96065962,67.86559255,0.642552512,95.29611925,6.491334915,297.9788208,0,139.5822601,15.3488884,9.999999747e-05,97885.27344,11.10865211,4.91270854
107.5999985,216.2527317,95.01990616,30.00914705,67.84114841,0.6427895618,95.65573698,6.493894577,297.973053,0,143.5635376,11.23042774,9.999999747e-05,97915.5625,11.09468079,4.994980356
107.8000031,217.4186967,95.43649736,30.07523407,67.82926555,0.6418895643,96.08849337,6.497544289,297.9709473,0,146.5190125,8.530144691,9.999999747e-05,97946.47656,11.07120609,5.064021868
108,218.9327228,95.96737509,30.14687119,67.83901514,0.6401535547,96.40693463,6.501124382,297.9703979,0,148.0174408,6.838875294,9.999999747e-05,97977.59375,11.04572773,5.092818049
108.1999969,220.4526514,96.44508519,30.20111982,67.85321688,0.6383630349,96.65447161,6.504258156,297.971344,0,148.087616,5.578900814,9.999999747e-05,98008.58594,11.0178709,5.118381654
108.4000015,221.9361148,96.8012235,30.23061698,67.86155325,0.6368099157,96.89076477,6.506779671,297.9737549,0,146.9055023,4.793456554,9.999999747e-05,98039.17969,10.98982716,5.145517121
108.5999985,223.3167218,97.03603461,30.23613708,67.86261748,0.6355644708,97.11267571,6.5089221,297.9788208,0,144.7153168,4.546714783,9.999999747e-05,98069.21875,10.95570469,5.205628426
108.8000031,224.7424773,97.14653381,30.21973793,67.85276789,0.6345792554,97.38004552,6.509267807,297.9811401,0,141.6674957,5.287690639,9.999999747e-05,98098.32031,10.95047665,5.140071697
109,225.2941983,97.19174082,30.18296572,67.84609547,0.6342231739,97.41816694,6.50891304,297.9847107,0,138.4860077,5.263401031,9.999999747e-05,98126.70312,10.93169594,5.158715706
109.1999969,225.9141872,96.96964917,30.11426713,67.80075347,0.6347084971,97.74748327,6.508640289,297.9906616,0,135.4430847,5.760950089,9.999999747e-05,98154.44531,10.91286182,5.219672606
109.4000015,226.5686893,96.76290231,30.0493955,67.75848138,0.6351211433,98.06168317,6.50774622,297.9959106,0,132.5067139,7.219633579,9.999999747e-05,98181.46094,10.90790558,5.215691115
109.5999985,226.8404591,96.56846421,29.98547004,67.72365362,0.6356879976,98.25097486,6.507481098,298.0050659,0,129.9302063,8.632453918,9.999999747e-05,98208.0625,10.87955093,5.326226486
109.8000031,227.6512225,96.28266656,29.91757663,67.66820425,0.6363211912,98.70495582,6.506065369,298.009491,0,127.4557648,11.60262012,9.999999747e-05,98233.92188,10.89453983,5.247446697
110,227.453745,96.17091087,29.86677568,67.6535546,0.6368397419,98.67192869,6.504826546,298.0152283,0,125.5534286,13.25102139,9.999999747e-05,98259.49219,10.88048553,5.29439219
110.1999969,227.7680012,95.82492535,29.79725583,67.59399239,0.6380203773,99.09476004,6.503473282,298.0188904,0,124.1424026,15.54784298,9.999999747e-05,98284.70312,10.88965416,5.274627173
110.4000015,227.6793116,95.66294309,29.75290267,67.56717488,0.6387735908,99.21399131,6.502716064,298.0240784,0,123.2735596,17.33930588,9.999999747e-05,98309.83594,10.87846375,5.330170496
110.5999985,228.0738066,95.43966707,29.70906736,67.52086688,0.63959377,99.58548422,6.502466202,298.0296936,0,122.7053375,19.81007576,9.999999747e-05,98334.875,10.87282372,5.368926282
110.8000031,228.507188,95.36954397,29.68612262,67.49600596,0.6398462028,99.80742833,6.503103733,298.0391541,0,122.2371674,22.60937691,9.999999747e-05,98359.9375,10.84549427,5.480725922
111,229.52336,95.28978885,29.66519694,67.45973266,0.6398616386,100.2179022,6.503530025,298.0462952,0,121.512764,26.94809914,9.999999747e-05,98384.71094,10.8416605,5.474625946
111.1999969,230.0681995,95.37874695,29.65933674,67.45897108,0.639409919,100.2655997,6.503269672,298.0493164,0,120.6213989,30.81347656,9.999999747e-05,98409.17969,10.84061337,5.429176013
111.4000015,230.3240819,95.35206339,29.63698767,67.44481743,0.6395389016,100.3678663,6.502531052,298.0487366,0,119.8358383,33.53245926,9.999999747e-05,98433.40625,10.84495068,5.386036605
111.5999985,230.335813,95.26625261,29.60787591,67.42391732,0.64004639,100.4901751,6.501728058,298.0465393,0,119.3449554,35.16601562,9.999999747e-05,98457.51562,10.84760761,5.36996018
111.8000031,230.352754,95.1442579,29.57757137,67.39484524,0.6407518538,100.6898663,6.500347137,298.0387878,0,119.1739807,36.23974228,9.999999747e-05,98481.48438,10.86925316,5.278687261
112,229.8781477,95.06515913,29.55349802,67.37828906,0.6415864657,100.726482,6.499190331,298.0301208,0,119.5570755,35.3188858,9.999999747e-05,98505.58594,10.87781906,5.256042133
112.1999969,229.6934691,94.90545302,29.52621583,67.33876394,0.6427405059,101.0109485,6.498210907,298.0193787,0,120.4004059,33.84806442,9.999999747e-05,98529.84375,10.89654922,5.206923533
112.4000015,229.4081128,94.86165043,29.51572114,67.31463487,0.6435836739,101.1739069,6.498299599,298.0119629,0,121.6355209,31.33878326,9.999999747e-05,98554.48438,10.89238644,5.251978501
112.5999985,229.804014,94.83021467,29.51173816,67.27517069,0.6441556851,101.5789103,6.498772144,298.0042725,0,122.8322372,29.58658409,9.999999747e-05,98579.34375,10.89860439,5.238854906
112.8000031,230.1147978,94.96125631,29.52487594,67.26132818,0.6441056432,101.7698278,6.500150204,298.000885,0,123.8421021,27.43445396,9.999999747e-05,98604.5,10.87894249,5.313951886
113,231.0618,95.04249327,29.5322549,67.22836776,0.6439276732,102.2101339,6.500934124,297.9940491,0,124.2989426,26.48820305,9.999999747e-05,98629.55469,10.88898563,5.243816579
113.1999969,231.3332137,95.25590107,29.54722365,67.23172859,0.6434458129,102.2421441,6.501640797,297.9884033,0,124.447052,24.18258667,9.999999747e-05,98654.63281,10.87788677,5.251194504
113.4000015,231.8975858,95.2603276,29.53635663,67.19900097,0.6436417233,102.5962214,6.50110817,297.9777222,0,124.3108673,22.0646801,9.999999747e-05,98679.45312,10.90260315,5.124137827
113.5999985,231.5794756,95.3229788,29.52679688,67.19395928,0.6439908725,102.5798925,6.500782967,297.9696655,0,124.3915634,17.98412514,9.999999747e-05,98704.36719,10.89900684,5.133560207
113.8000031,231.7979333,95.17265752,29.49693274,67.14495349,0.6450052904,103.0003226,6.500959873,297.9641113,0,124.597702,14.44884014,9.999999747e-05,98729.34375,10.90146828,5.15076281
114,232.1013727,95.17124267,29.48606371,67.11769298,0.6453562362,103.2650788,6.500994205,297.9588928,0,124.732193,11.45462322,9.999999747e-05,98754.28125,10.9065361,5.124636095
114.1999969,232.3362478,95.16819353,29.47450793,67.09316813,0.645718355,103.4928407,6.500261307,297.9517822,0,124.8549271,8.349088669,9.999999747e-05,98779.125,10.9248457,5.03712682
114.4000015,232.2018992,95.1265934,29.45759583,67.07120961,0.6464238941,103.6369905,6.499433517,297.9453125,0,125.2729797,4.395067215,9.999999747e-05,98804.02344,10.93692875,4.996180232
114.5999985,232.1940448,95.00949592,29.43540114,67.03422626,0.6474466267,103.9247191,6.498777866,297.9726562,0,126.0198593,1.318520188,15.49665928,98829.05469,10.95156193,4.961594883
114.8000031,232.6003604,95.09299919,29.48098284,67.10497275,0.6459092313,103.4205783,6.499470711,297.9680786,0,127.0281372,8.753372192,1.549665928,98854.23438,10.91700268,5.053077844
115,233.8503459,94.89214705,29.43312191,66.98253903,0.6475540547,104.5519301,6.499828815,297.9585266,0,127.7555084,5.944282532,0.1549665928,98879.38281,10.94739532,4.975598053
115.1999969,233.8292631,95.14106503,29.45046672,66.98913407,0.64722613,104.5106304,6.499964237,297.9506226,0,128.3450775,1.479916215,0.01549665909,98904.67969,10.94532394,4.954943488
115.4000015,234.1952181,95.07903395,29.43481882,66.94636371,0.6479353305,104.9177188,6.499935627,297.9417725,0,128.8800812,9.999999747e-05,0.001549665933,98930.01562,10.95895004,4.912042942
115.5999985,234.2628028,95.14374205,29.4325989,66.93156327,0.6481905607,105.0524298,6.499951839,297.9586487,0,129.4263306,9.999999747e-05,12.32313347,98955.46094,10.96196842,4.896664072
115.8000031,234.7715,95.26118095,29.46946264,66.98385518,0.6467828952,104.7186719,6.498692036,297.9446716,0,129.9654083,3.70346117,1.232313275,98980.72656,10.97160721,4.782944514
116,234.7636609,95.0176014,29.41272125,66.89059608,0.6490921655,105.4140625,6.497063637,297.9762268,0,131.0128479,1.111038327,23.18682289,99006.14844,11.01183033,4.688048245
116.1999969,234.7164238,95.17615828,29.48148568,67.0106607,0.6470023719,104.4486959,6.496660709,297.9573059,0,132.7086487,10.03286171,2.318682194,99031.83594,10.98279572,4.739784029
116.4000015,235.5704144,94.76432765,29.39780985,66.83059967,0.650511112,105.970947,6.497724533,297.9392395,0,134.560379,2.377999067,0.2318682224,99057.96094,11.01266098,4.759842262
116.5999985,235.715657,95.07688276,29.42409899,66.8178073,0.6503509403,106.154259,6.499390125,297.9556274,0,135.9857788,0.7133997083,15.22737312,99084.50781,11.00209332,4.797338563
116.8000031,236.7900129,95.39455417,29.49400102,66.88285501,0.6478582338,105.8577723,6.501484871,297.9412842,0,136.7477264,4.228848457,1.522737265,99111.07031,10.96742439,4.849393292
117,238.0299523,95.36707044,29.45853667,66.77477174,0.6488677179,106.9056184,6.503071308,297.9764709,0,136.6722565,1.268654585,24.37148666,99137.50781,10.9822998,4.809252876
117.1999969,239.0298497,95.91962614,29.56444986,66.93057157,0.6445171569,105.8432002,6.504267693,297.9588318,0,135.9652252,11.31534195,2.437148571,99163.57031,10.92872429,4.852833863
117.4000015,240.140187,95.54568081,29.46504453,66.76117104,0.6470986525,107.2817933,6.506126404,297.9429932,0,134.7792511,4.078589439,0.2437148541,99189.45312,10.93720436,4.905448871
117.5999985,240.3982425,95.79466253,29.46232764,66.75609651,0.6465062221,107.3644077,6.506755352,297.9620667,0,132.8463898,1.223576903,15.82473183,99214.92188,10.92984295,4.877738319
117.8000031,241.0195395,95.92050091,29.48474595,66.82832749,0.6445105534,106.8532491,6.505920887,297.9456482,0,130.6681061,5.790906429,1.582473159,99239.67969,10.9166069,4.822408168
118,240.9615277,95.51704005,29.38319753,66.71630822,0.6471086168,107.6204129,6.504938126,297.9848938,0,128.8244171,1.737272024,26.35692024,99264.11719,10.93828201,4.803376868
118.1999969,241.2935931,95.65416007,29.43037166,66.85211326,0.6443735075,106.5361138,6.504321098,297.9681091,0,127.3696289,13.36367702,2.635691881,99288.10938,10.89247894,4.878815212
118.4000015,241.8049389,95.01908082,29.2964435,66.66299364,0.6482667938,107.9898183,6.504795551,297.9525146,0,126.1600647,6.712115288,0.263569206,99311.99219,10.91212749,4.938556109
118.5999985,241.5834751,95.11558927,29.27700825,66.65052126,0.6485060442,108.0363771,6.505119324,297.941925,0,124.7582169,0.2636666298,0.0263569206,99335.73438,10.90052605,4.974554669
118.8000031,241.7245249,94.95702731,29.23333828,66.60338404,0.649462722,108.411152,6.505738258,297.9573669,0,123.2308655,0.07909999043,11.16049099,99359.26562,10.89138508,5.034208102
119,242.2947507,95.03996994,29.2447095,66.65098234,0.6479462961,108.0851529,6.506454468,297.9524841,0,121.4545975,3.307595968,1.116049051,99382.40625,10.85350418,5.1208117
119.1999969,242.9879872,94.74398097,29.17231282,66.55343522,0.6495372828,108.8852683,6.506723404,297.9468384,0,119.3923874,9.999999747e-05,0.1116049066,99405.09375,10.86346149,5.11462538
119.4000015,242.8674729,94.76249679,29.1443756,66.54862027,0.6496314472,108.8510662,6.506118774,297.9645996,0,117.2244186,9.999999747e-05,11.10148811,99427.34375,10.86058998,5.095635189
119.5999985,243.0526859,94.66990915,29.13095014,66.58737285,0.6489125709,108.5096158,6.50479126,297.9580078,0,115.2996674,4.181228638,1.110148907,99449.0625,10.85396099,5.068112716
119.8000031,242.8607726,94.27181001,29.04730425,66.5043866,0.651305775,109.0462222,6.502705097,297.9480896,0,113.905571,0.4468402565,0.1110148877,99470.4375,10.8908329,4.97367742
120,241.9062213,94.07947934,29.00222002,66.4925533,0.6527997227,108.9568522,6.499960899,297.9612427,0,113.3462219,0.1340520829,12.16433334,99491.71875,10.9204731,4.877919108
120.1999969,241.3534754,93.85732595,28.99103883,66.53636794,0.6530525998,108.5036447,6.498401165,297.95047,0,113.8840866,2.797336102,1.216433406,99513.14062,10.91339493,4.922883705
120.4000015,241.4774225,93.42017697,28.92451039,66.42600044,0.6561266511,109.3663733,6.498842716,297.9411926,0,115.039917,9.999999747e-05,0.1216433346,99534.98438,10.92326832,5.017921849
120.5999985,241.7832651,93.5077822,28.93188613,66.40504786,0.6562669872,109.5953568,6.499608994,297.9567261,0,116.0164413,9.999999747e-05,11.85505772,99557.02344,10.92391205,5.017621431
120.8000031,242.6132133,93.71088268,28.97898392,66.4566815,0.6542771646,109.3199164,6.500936031,297.9493103,0,116.6917953,3.228589058,1.185505867,99579.09375,10.89294529,5.07618533
121,243.6586274,93.61633157,28.95012966,66.36387777,0.6553946084,110.1872339,6.502958775,297.9839478,0,116.835495,0.9685766697,19.47948837,99601.22656,10.88732529,5.143569066
121.1999969,245.1285219,94.0072515,29.02671559,66.4646868,0.6515135508,109.5990451,6.504083633,297.9756775,0,116.1696777,11.06660366,1.947948813,99622.85938,10.85194016,5.124601132
121.4000015,245.9660635,93.82565996,28.96813146,66.35510618,0.6531367997,110.511479,6.504303932,297.9620361,0,115.05896,7.351820469,0.1947948784,99644.13281,10.87948513,5.040653361
121.5999985,245.5204894,93.96441624,28.95865076,66.36352337,0.6530911811,110.357063,6.503907204,297.950592,0,113.8603058,1.794977784,0.01947948895,99665.22656,10.87584877,5.026524384
121.8000031,245.2857619,93.75497391,28.91370707,66.31935814,0.6545121456,110.664283,6.503137589,297.9388428,0,112.8194427,9.999999747e-05,0.001947948826,99686.13281,10.8922081,4.989862236
122,244.767431,93.66820448,28.88462567,66.30799852,0.6553780757,110.661948,6.501686573,297.9523621,0,112.0856323,9.999999747e-05,12.89739513,99706.86719,10.9110527,4.916349785
122.1999969,244.5940763,93.60223481,28.88938685,66.36366147,0.6546959602,110.1787289,6.500708103,297.9405212,0,111.9332886,2.456873655,1.28973949,99727.52344,10.89726257,4.944959709
122.4000015,244.7113053,93.20352659,28.82097325,66.25676518,0.6575842186,111.0062055,6.499752998,297.969635,0,112.1686096,0.7370620966,21.28643608,99748.17969,10.93765831,4.871692578
122.5999985,244.9206757,93.41626814,28.88048195,66.38125867,0.6547745174,110.0378652,6.498729229,297.9523621,0,112.7873611,8.645986557,2.128643513,99768.72656,10.91657066,4.847762818
122.8000031,245.2250327,92.95774707,28.80145208,66.23574785,0.6584576145,111.1886893,6.49839592,297.9330139,0,113.8160553,1.326139927,0.2128643543,99789.5,10.95916939,4.809243629
123,244.7716752,93.08950362,28.80726118,66.23034195,0.6589470032,111.1923235,6.499413013,297.9511719,0,114.9755554,0.39784199,16.21066666,99810.75,10.94384861,4.904693054
123.1999969,245.9059159,93.2376728,28.85565778,66.27708271,0.6568119051,111.0169825,6.501060963,297.9376221,0,115.7260361,4.302461147,1.62106657,99831.99219,10.91303062,4.964290655
123.4000015,246.8716915,93.17320214,28.82402806,66.17171017,0.6581868368,111.9667652,6.501535892,297.9714661,0,115.8195877,1.290738344,25.38948631,99853.04688,10.95175934,4.824950178
123.5999985,247.5278114,93.64252859,28.91541096,66.33076439,0.6537594262,110.7939373,6.501321793,297.9503174,0,115.7288818,10.72765064,2.538948774,99873.78125,10.91338062,4.803845389
123.8000031,247.9069381,93.16717975,28.82133091,66.16422246,0.6576113469,112.1073099,6.500520706,297.9247131,0,115.7224503,2.107903481,0.2538948655,99894.44531,10.97213554,4.682178481
124,246.8301658,93.30932467,28.81605899,66.17291072,0.6582954402,111.8981909,6.499748707,297.9409485,0,116.0360413,0.6323710084,19.55454063,99915.35938,10.97851753,4.66884185
124.1999969,247.1501715,93.31100457,28.84627947,66.23959978,0.6568519086,111.4424584,6.498605728,297.915802,0,116.6565933,0.1897113025,1.177388072,99936.14844,10.97976208,4.602489142
124.4000015,246.9813349,92.91637688,28.77050606,66.10439681,0.6607469863,112.4632094,6.497826576,297.9468384,0,117.7356415,0.05691339076,28.62339973,99957.21875,11.02878571,4.539358737
124.5999985,247.3357916,93.29186831,28.86470408,66.271782,0.6566659735,111.2028029,6.497979641,297.918457,0,119.1239548,0.01707401685,9.999999747e-05,99978.40625,10.98085022,4.604650832
124.8000031,248.1280067,92.7032248,28.7582019,66.03581421,0.6620696806,113.1599708,6.498685837,297.9566956,0,120.4490891,0.005122205243,32.58847427,99999.875,11.04519463,4.54038494
125,248.8623481,93.49075056,28.90692805,66.26975567,0.6554703339,111.4288047,6.499723434,297.9277344,0,121.4930115,10.34951973,3.258847237,100021.3203,10.97104645,4.614176661
125.1999969,249.8939869,92.94158456,28.80137118,66.03609004,0.660236738,113.3928999,6.501199722,297.986145,0,122.1225586,3.104856014,43.04733658,100042.8906,11.02423573,4.570219072
125.4000015,251.4008481,93.76230178,28.96576839,66.29190795,0.6526014024,111.5962088,6.502343655,297.9523315,0,122.1612396,20.76383209,4.304733753,100064.0469,10.9423399,4.626942568
125.5999985,252.1819252,93.14067244,28.8311646,66.03201102,0.6579243991,113.6819472,6.50269413,297.9135437,0,121.7447968,8.140099525,0.4304733574,100085.0938,11.01481342,4.501615353
125.8000031,250.7606656,93.53518024,28.83873104,66.05550649,0.657994665,113.3201998,6.501714706,297.9367676,0,121.1896362,2.442029715,28.61446571,100106.2422,11.02477551,4.428969668
126,251.0264704,93.55774262,28.87776818,66.15924563,0.6558240526,112.5735957,6.50006628,297.8984375,0,121.0281601,0.7326089144,9.999999747e-05,100127.0781,11.01699448,4.369697408
126.1999969,250.3694851,92.90136443,28.74923711,65.95777032,0.6619171225,114.0269592,6.49766016,297.9369812,0,121.5238724,0.2197826803,38.35034561,100148.0938,11.10350132,4.213206542
126.4000015,250.1711274,93.32934178,28.86214785,66.20131833,0.6568827178,112.0794801,6.495136738,297.8930054,0,122.9825058,0.06593480706,9.999999747e-05,100169.1094,11.06590652,4.188840869
126.5999985,250.0030023,92.26808438,28.68971471,65.89322658,0.6659338498,114.4578951,6.493053913,297.9379272,0,125.448349,0.01978044212,44.28358841,100190.7109,11.18163681,4.04711136
126.8000031,250.104814,92.97633021,28.85809433,66.19043501,0.6590948314,112.1410854,6.492015362,297.8894348,0,128.7454834,0.005934132263,9.999999747e-05,100212.7109,11.11798477,4.093495917
127,250.8001549,91.98232324,28.69154998,65.82664082,0.6686169068,115.1032676,6.491891861,297.9378052,0,132.4560242,0.001780239749,47.90002823,100235.5312,11.23555279,3.978202716
127.1999969,251.6168054,93.07632625,28.91272882,66.15234279,0.6596960553,112.6824216,6.491633415,297.8836975,0,136.2163544,0.0005340719363,9.999999747e-05,100258.7031,11.16230106,3.981153485
127.4000015,252.3706928,92.11066481,28.73867702,65.76450499,0.6695544191,115.850902,6.492997169,297.9358215,0,140.0833893,0.000160221578,51.59256744,100282.8359,11.27276993,3.918875438
127.5999985,253.6998594,93.4541045,28.9909852,66.1084897,0.6592193395,113.384627,6.496818066,297.8836365,0,143.399231,9.999999747e-05,9.999999747e-05,100307.4141,11.14646912,4.122042182
127.8000031,255.3170441,92.72672452,28.82896648,65.70252135,0.6672540742,116.8568986,6.501906872,297.9402466,0,145.1839294,9.999999747e-05,51.95524216,100332.5312,11.22631073,4.110705165
128,257.570589,94.52760506,29.11924527,66.07998242,0.6542209891,114.3034281,6.505633831,297.8890686,0,144.9366455,9.999999747e-05,9.999999747e-05,100357.1328,11.08979797,4.194115156
128.1999969,258.3615863,93.57602157,28.91625577,65.69609858,0.6620019879,117.4282627,6.510364056,297.9480286,0,143.2071838,9.999999747e-05,51.69636917,100381.6562,11.1530695,4.218285574
128.3999939,260.5411289,95.22841762,29.17333587,66.08191226,0.6494791271,114.7523001,6.513474464,297.9020081,0,139.5780334,9.999999747e-05,9.999999747e-05,100404.9922,11.00406837,4.349652378
128.6000061,260.6811784,94.02677143,28.92934999,65.70778798,0.6573571468,117.6211861,6.516271114,297.9580383,0,134.7131958,9.999999747e-05,48.14424896,100427.6094,11.07006359,4.331827693
128.8000031,262.0717338,95.37768311,29.12433113,66.08180725,0.6466408892,114.8175128,6.515280724,297.910614,0,128.7256012,15.9998703,4.814424515,100448.4609,10.96024513,4.318693211
129,260.5619842,94.03992449,28.86425564,65.78853444,0.6546724202,116.7129507,6.513872623,297.9934692,0,123.1455536,4.79996109,62.10976028,100468.5312,11.02922916,4.281572403
129.1999969,261.5472997,94.65334587,28.98929508,66.13320009,0.6466477303,114.0291531,6.510090828,297.9385681,0,118.117981,30.38992119,6.210976124,100486.9766,10.9477644,4.272000228
129.3999939,259.1945101,93.09129964,28.69925487,65.79992119,0.657080788,116.1016646,6.506406784,298.0543213,0,114.6094513,9.116976738,79.86571503,100505.1641,11.05210304,4.186927953
129.6000061,260.5388969,93.44090721,28.84538526,66.19641983,0.6485290113,113.0957668,6.502517223,297.9911804,0,112.5667953,47.16349792,7.986571789,100522.2266,10.96249008,4.242067102
129.8000031,258.8121011,91.87169578,28.56251257,65.79537681,0.6604196449,115.8254917,6.499036312,297.9234619,0,112.0809631,26.54991531,0.7986571789,100539.6172,11.09775543,4.103726149
130,255.0209436,91.98177997,28.52666618,65.81285229,0.6636368925,115.2347298,6.496116161,297.9668274,0,112.9854202,7.964974403,46.38604736,100557.8906,11.12735844,4.096311493
130.1999969,255.5887532,91.75707987,28.58132194,65.95139389,0.6613139119,114.3350312,6.495213032,297.9140625,0,115.0573273,20.56284142,4.638604641,100576.3516,11.10201645,4.165040895
130.3999939,255.3299316,91.22582091,28.47023364,65.70905717,0.6681285448,116.17413,6.496356487,297.9984131,0,117.4857941,6.168852329,64.41985321,100595.6484,11.16456318,4.189290899
130.6000061,258.08396,92.00980182,28.67259584,66.0126487,0.6582804019,114.193725,6.497097492,297.9395142,0,119.4564743,32.4419136,6.44198513,100614.5547,11.08464241,4.177046134
130.8000031,258.3988557,91.38652285,28.527715,65.68619375,0.6659728649,116.7260617,6.498361588,298.0562439,0,121.1387024,9.732574463,83.29444885,100634,11.17360115,4.092194018
131,262.0232908,92.37051603,28.78295743,66.08785771,0.6535123824,114.0828054,6.499724388,297.9875183,0,122.3122025,48.17321777,8.329444885,100652.7188,11.05225277,4.166776795
131.1999969,262.143055,91.54003694,28.58489667,65.68186604,0.6626616901,117.1638296,6.501832008,297.9176941,0,122.9420547,25.69856644,0.8329444528,100671.9375,11.14585114,4.121029618
131.3999939,259.8566109,92.31700995,28.61195495,65.69335614,0.6628000535,116.8574752,6.50421381,297.9598694,0,122.7266312,7.709569931,45.93040085,100691.8125,11.12430859,4.215930663
131.6000061,261.707907,92.69312119,28.71147109,65.83492779,0.6574156147,116.1214025,6.507158279,297.9110107,0,121.5600357,19.69496918,4.593039989,100711.1719,11.04970264,4.35192336
131.8000031,261.4532965,92.37116955,28.59530063,65.60849299,0.6621397641,117.8083928,6.510278702,297.9960632,0,119.2147141,5.908491135,62.68492889,100730.4375,11.07521248,4.412347969
132,264.1900477,93.28545399,28.76958197,65.91254596,0.651918143,115.7947272,6.511980534,297.9505005,0,115.6225128,32.2793045,6.268492699,100748.3438,10.95467854,4.523291644
132.1999969,263.5085376,92.40528217,28.56826388,65.6062683,0.6591736983,117.943709,6.511940479,297.8990479,0,111.354744,15.77893353,0.6268492937,100765.6406,11.03445148,4.401343766
132.3999939,260.3572892,92.74494218,28.53328555,65.64285637,0.6600728924,117.2004823,6.50979805,297.9378662,0,107.1041794,4.733680248,40.02647781,100782.6016,11.03554916,4.366289423
132.6000061,260.0504422,92.53591504,28.53398177,65.77548594,0.657966442,116.1443238,6.506069183,297.8927002,0,103.7118149,1.420104027,9.999999747e-05,100798.5938,11.02534199,4.29036078
132.8000031,257.5722627,91.47073489,28.33949007,65.54127084,0.6672755177,117.5877554,6.501866817,297.9420166,0,101.8094406,0.4260312021,46.14054489,100814.6016,11.13110924,4.151013507
133,256.8372125,91.67055715,28.41693914,65.82699897,0.6618883739,115.2326123,6.49821043,297.8955994,0,101.5844955,0.1278093606,9.999999747e-05,100830.3438,11.07552242,4.199554525
133.1999969,255.8316948,90.35145529,28.2199462,65.4975545,0.6732765694,117.7028459,6.496668339,297.9476013,0,102.8189087,0.03834280744,47.2591095,100846.7266,11.18768406,4.177124731
133.3999939,256.4306041,90.98856202,28.36624146,65.80754249,0.6650024461,115.3339728,6.495158672,297.8989563,0,104.6649857,0.01150284242,9.999999747e-05,100863.0156,11.12264347,4.158465784
133.6000061,256.4929262,90.01831241,28.21299652,65.47318723,0.6749693387,117.9844881,6.495045185,297.9476013,0,107.1214828,0.003450852819,47.81622696,100880,11.23603153,4.067874227
133.8000031,257.6571194,90.90849579,28.39141142,65.78924508,0.6654641044,115.6418655,6.495419502,297.895874,0,109.6189499,0.001035255846,9.999999747e-05,100897.0312,11.15033817,4.107823503
134,258.2150806,90.13338039,28.25420751,65.44225272,0.6745764978,118.4621397,6.496896267,297.9431458,0,111.9695511,0.0003105767537,48.50043488,100914.7344,11.25332642,4.02827927
134.1999969,259.7844178,91.25614445,28.45274773,65.76145873,0.6640574474,116.1506016,6.498039722,297.8883972,0,113.7274246,9.999999747e-05,9.999999747e-05,100932.2734,11.15885258,4.05276448
134.3999939,260.0471824,90.51073883,28.3079286,65.41480794,0.672944085,118.9288665,6.499750614,297.9371338,0,115.0324478,9.999999747e-05,50.57526779,100950.3203,11.25794792,3.968705872
134.6000061,261.5506016,91.68122944,28.5065843,65.74536527,0.662187936,116.5227937,6.500305653,297.8789673,0,115.6502304,9.999999747e-05,9.999999747e-05,100967.9453,11.16376686,3.964462278
134.8000031,261.1566622,90.7838218,28.33542895,65.39322431,0.6718526963,119.2484794,6.502011776,297.933136,0,116.0515366,9.999999747e-05,53.84074783,100986.0469,11.25711155,3.941391296
135,262.7068443,91.94671905,28.53301274,65.73657107,0.6608251458,116.747652,6.502127171,297.8735046,0,115.7630768,9.999999747e-05,9.999999747e-05,101003.5,11.16037941,3.927818464
135.1999969,261.8883806,90.91391803,28.33910609,65.37225236,0.6712346106,119.4962688,6.502733707,297.9310913,0,115.437294,9.999999747e-05,56.73867416,101021.2812,11.2679472,3.853494953
135.3999939,263.102802,92.00571305,28.52985806,65.73749503,0.6603345349,116.7677944,6.501922131,297.8691406,0,114.8621292,9.999999747e-05,9.999999747e-05,101038.375,11.17033195,3.850012455
135.6000061,261.970502,90.79747619,28.31479742,65.35373449,0.6718922721,119.6266099,6.50108242,297.9279175,0,114.6178131,9.999999747e-05,59.14318466,101055.7812,11.30032444,3.709770243
135.8000031,262.8120623,91.79091705,28.50052518,65.73784569,0.6612929344,116.6966256,6.501442909,297.8667603,0,114.7049179,9.999999747e-05,9.999999747e-05,101072.875,11.17510986,3.890595708
136,262.3016854,90.60449777,28.28962167,65.32153082,0.6729338483,119.9095021,6.502699375,297.9292297,0,114.6439133,9.999999747e-05,59.67769241,101090.3672,11.29274082,3.830199443
136.1999969,263.8097345,91.86569706,28.5019232,65.71362322,0.6607109424,116.9968358,6.503643036,297.8691406,0,114.0812302,9.999999747e-05,9.999999747e-05,101107.2734,11.16270065,3.944488787
136.3999939,263.1770938,90.72643048,28.29113302,65.3037322,0.6719633754,120.131079,6.505148411,297.9331665,0,113.1449738,9.999999747e-05,59.81209564,101124.4375,11.27402687,3.88765934
136.6000061,264.6560607,91.99528706,28.49738005,65.69713109,0.6596647246,117.1931815,6.504551411,297.8712769,0,111.6035995,9.999999747e-05,9.999999747e-05,101140.6641,11.16322517,3.874209294
136.8000031,263.2297741,90.72279779,28.26921283,65.30191438,0.6716423753,120.095216,6.50303936,297.9323425,0,110.3097305,9.999999747e-05,60.32328033,101157.0078,11.30476665,3.674502666
137,263.7246588,91.67202321,28.44272607,65.7021317,0.6610492487,116.9716804,6.499881744,297.8660583,0,109.6169434,9.999999747e-05,9.999999747e-05,101172.6328,11.21874428,3.624666951
137.1999969,261.9220166,90.17812263,28.20225371,65.30061776,0.6747489073,119.9044733,6.497790337,297.9305725,0,110.1898575,9.999999747e-05,61.94881058,101188.8828,11.36505699,3.513522973
137.3999939,262.8105732,90.99687758,28.38128334,65.69236159,0.6643127541,116.9220817,6.497546196,297.8643188,0,111.5905685,9.999999747e-05,9.999999747e-05,101205.0234,11.24825096,3.687839699
137.6000061,262.4200434,89.8444032,28.18222803,65.26473806,0.6766935918,120.2586773,6.498688221,297.9313354,0,113.086235,9.999999747e-05,63.15296555,101221.8984,11.37709236,3.621449816
137.8000031,264.415212,91.10210852,28.40809678,65.6638144,0.6637802623,117.3537725,6.499057293,297.8650513,0,114.1263809,9.999999747e-05,9.999999747e-05,101238.3125,11.26263046,3.64156427
138,263.8488464,90.03713387,28.21143007,65.24613611,0.67563092,120.5715523,6.500584126,297.9330139,0,115.0259476,9.999999747e-05,63.62808228,101255.3672,11.38369751,3.581467596
138.1999969,265.9516502,91.32912955,28.43719312,65.64374992,0.6626073211,117.6927846,6.502622128,297.8666992,0,115.3085175,9.999999747e-05,9.999999747e-05,101271.9531,11.2429657,3.740471245
138.3999939,265.4267082,90.33782552,28.2399591,65.2194327,0.6737987482,120.9695717,6.505065441,297.9344177,0,114.7778473,9.999999747e-05,63.54265594,101288.9062,11.35614586,3.672632121
138.6000061,267.4609401,91.76081098,28.46640998,65.62591173,0.6602714118,117.9988705,6.507153988,297.8687439,0,113.2701416,9.999999747e-05,9.999999747e-05,101305.0625,11.20496178,3.837855341
138.8000031,266.3354063,90.66052506,28.24897175,65.20630068,0.6716239669,121.1482149,6.509563446,297.934967,0,110.9295349,9.999999747e-05,62.88303757,101321.3516,11.30834103,3.813644193
139,267.9122149,92.03433318,28.45402515,65.61015307,0.658574299,118.1215934,6.508522034,297.8686218,0,107.6228638,9.999999747e-05,9.999999747e-05,101336.2812,11.19612122,3.744143855
139.1999969,265.4268602,90.67607515,28.20602722,65.220504,0.6712489086,120.8320708,6.506358624,297.9345398,0,104.7452545,9.999999747e-05,62.7347374,101351.1719,11.33759403,3.552520907
139.3999939,265.620268,91.51627749,28.35700065,65.62653681,0.6608823221,117.604814,6.502822399,297.8682861,0,102.7255249,9.999999747e-05,9.999999747e-05,101365.1484,11.24327374,3.548836102
139.6000061,263.202315,89.92991924,28.10444159,65.22502327,0.6752478714,120.4714106,6.500169754,297.9341736,0,102.1213303,9.999999747e-05,62.71223831,101379.6094,11.39255524,3.438013158
139.8000031,263.7129837,90.63527618,28.25982417,65.61905502,0.6650913923,117.4143438,6.497922421,297.8679199,0,102.5707245,9.999999747e-05,9.999999747e-05,101393.6797,11.29581547,3.504621685
140,262.5116574,89.32060165,28.05038049,65.21189408,0.6785420956,120.4991304,6.497264862,297.9338989,0,103.9206772,9.999999747e-05,62.76337814,101408.5312,11.43548679,3.429049693
140.1999969,264.039621,90.25483742,28.23945803,65.59791526,0.6669233873,117.632511,6.496852398,297.8676758,0,105.5297699,9.999999747e-05,9.999999747e-05,101423.0781,11.33184147,3.474580679
140.3999939,263.5453913,89.23230732,28.06081076,65.19342613,0.6789865739,120.771488,6.496864319,297.9337769,0,107.3080902,9.999999747e-05,62.83216095,101438.3203,11.47270012,3.315984627
140.6000061,265.4216631,90.28676267,28.2639023,65.58054281,0.6668097611,117.9321853,6.496711254,297.8675537,0,109.0809555,9.999999747e-05,9.999999747e-05,101453.2188,11.36876774,3.333572139
140.8000031,264.9058664,89.29678355,28.08701908,65.17814908,0.6786584897,121.0491974,6.498567104,297.9337158,0,110.9169846,9.999999747e-05,62.87943649,101468.9922,11.484519,3.319672045
141,267.4074643,90.53009828,28.30531286,65.55025254,0.6657005058,118.4124261,6.500618935,297.8674927,0,112.0034943,9.999999747e-05,9.999999747e-05,101484.3281,11.35870457,3.41853885
141.1999969,266.9376584,89.7317339,28.13730072,65.15183534,0.6762674636,121.4938822,6.50245142,297.9336853,0,112.2752228,9.999999747e-05,62.91666794,101500.1094,11.47811317,3.283794981
141.3999939,269.0813513,91.01867378,28.34981563,65.53742879,0.6632977514,118.69218,6.504019737,297.8674316,0,111.8152237,9.999999747e-05,9.999999747e-05,101515.1953,11.34652615,3.391969167
141.6000061,267.9238582,90.05352173,28.157948,65.14202274,0.6743687445,121.6609126,6.505879879,297.9336243,0,110.7281036,9.999999747e-05,62.93964767,101530.6016,11.45706749,3.32359462
141.8000031,269.7842524,91.31443649,28.3575127,65.52709054,0.6616717897,118.8200527,6.506731987,297.8673401,0,108.8950882,9.999999747e-05,9.999999747e-05,101545.0703,11.32813358,3.410167147
142,267.9827271,90.22594566,28.14784298,65.13951622,0.6732105748,121.636304,6.507452965,297.9335327,0,106.7254791,9.999999747e-05,62.95772171,101559.6953,11.4436903,3.32108465
142.1999969,269.2508151,91.33761616,28.3244528,65.52664168,0.6613413403,118.6933241,6.507862568,297.8672485,0,104.2646713,9.999999747e-05,9.999999747e-05,101573.4141,11.3093338,3.483208672
142.3999939,267.2135435,90.15500592,28.10514193,65.13372455,0.6734443173,121.5314227,6.50797987,297.9334412,0,101.6405258,9.999999747e-05,62.9780426,101587.2266,11.43082619,3.383815257
142.6000061,268.0627546,91.19186665,28.26854141,65.52408731,0.6619243137,118.5019232,6.50583744,297.8671875,0,98.96950531,9.999999747e-05,9.999999747e-05,101599.9219,11.33086777,3.3433233
142.8000031,265.4225824,89.83976003,28.03830577,65.1481173,0.6751697387,121.1399471,6.50431633,297.9334106,0,97.16189575,9.999999747e-05,62.98194504,101612.9609,11.46006203,3.272821928
143,266.0033233,90.59995898,28.18206261,65.52651376,0.6647931081,118.1999314,6.501568794,297.8671875,0,95.95347595,9.999999747e-05,9.999999747e-05,101625.1953,11.37401772,3.240231218
143.1999969,263.856159,89.28796187,27.96982474,65.15204115,0.6781983088,120.9130067,6.499722004,297.9333801,0,95.8500061,9.999999747e-05,62.97590637,101638.0078,11.51434326,3.133218172
143.3999939,264.7523356,89.99101576,28.12112416,65.52842552,0.6677342953,118.0422901,6.498541355,297.8671875,0,96.47854614,9.999999747e-05,9.999999747e-05,101650.4609,11.41442299,3.221814629
143.6000061,263.734113,88.90953138,27.94139538,65.14157203,0.680168267,120.9963255,6.497926712,297.9333496,0,97.58003998,9.999999747e-05,62.96789551,101663.5547,11.55617237,3.065494266
143.8000031,265.263664,89.79953368,28.1167613,65.5201669,0.6685830587,118.1700855,6.497077465,297.8671875,0,98.92767334,9.999999747e-05,9.999999747e-05,101676.2422,11.46269131,3.054666662
144,264.4890278,88.82422829,27.94982745,65.13937977,0.6804953219,121.096608,6.497810841,297.9333191,0,100.6175003,9.999999747e-05,62.95232773,101689.7578,11.58625698,2.995675952
144.1999969,266.6671916,89.83877701,28.13951808,65.50290459,0.6683227721,118.4677518,6.497504234,297.867157,0,102.0079956,9.999999747e-05,9.999999747e-05,101702.7344,11.49633026,2.926382834
144.3999939,265.8472693,88.96309533,27.9791042,65.13147555,0.6796476556,121.3005284,6.499115944,297.9332275,0,103.5296021,9.999999747e-05,62.9437027,101716.5625,11.60659218,2.916271553
144.6000061,268.3100609,90.06671738,28.17499056,65.48661038,0.6671997973,118.7730914,6.500024319,297.8670654,0,104.3970032,9.999999747e-05,9.999999747e-05,101729.8047,11.50308609,2.912405967
144.8000031,267.4231811,89.28459614,28.01689097,65.11673003,0.6778460944,121.5770463,6.502427578,297.9331055,0,104.9093781,9.999999747e-05,62.95512009,101743.7188,11.60398197,2.907779577
145,269.8338093,90.49493632,28.21417831,65.47382213,0.665104875,119.0198061,6.502178669,297.8669434,0,104.4533234,9.999999747e-05,9.999999747e-05,101756.6562,11.51309204,2.775442979
145.1999969,268.0978696,89.55658162,28.03505414,65.1185196,0.6763275016,121.5990039,6.502397537,297.9330444,0,104.1103668,9.999999747e-05,62.97238922,101770.0859,11.63055706,2.678106838
145.3999939,269.7902465,90.50711048,28.20500315,65.47936142,0.6650300971,118.9288763,6.501683712,297.8668823,0,103.6698227,9.999999747e-05,9.999999747e-05,101782.7344,11.52817822,2.674253317
145.6000061,268.0766566,89.43312534,28.01631094,65.10927502,0.6769312642,121.6519486,6.502031803,297.9329834,0,103.5192947,9.999999747e-05,62.99007034,101796,11.61712837,2.718525058
145.8000031,270.0614415,90.22265648,28.17417693,65.43852793,0.6662742889,119.3016094,6.500170231,297.8668518,0,103.223175,9.999999747e-05,9.999999747e-05,101808.3906,11.51748753,2.703563358
146,268.2013477,89.00338418,27.97558164,65.06330887,0.6791513283,122.0621884,6.498922348,297.9329529,0,103.6822433,9.999999747e-05,62.99724579,101821.4531,11.62733555,2.694676183
146.1999969,270.0310125,89.60719605,28.12398916,65.39451254,0.6691693838,119.6909156,6.497308254,297.8668213,0,104.6315231,9.999999747e-05,9.999999747e-05,101834.0156,11.52327728,2.78561097
146.3999939,268.6961855,88.45338936,27.93853282,65.01075731,0.68207111,122.5890979,6.497115135,297.9329224,0,106.2294998,9.999999747e-05,62.99749374,101847.4922,11.63067436,2.821907824
146.6000061,271.1696142,89.18449091,28.10590653,65.33673708,0.6711791709,120.336569,6.495679379,297.8668213,0,107.8988419,9.999999747e-05,9.999999747e-05,101860.4531,11.53246498,2.830234065
146.8000031,269.9841672,88.11912974,27.93006626,64.95797589,0.6838750968,123.2007296,6.4956007,297.9328918,0,110.1511612,9.999999747e-05,62.99133682,101874.4375,11.64225864,2.847711475
147,272.7942282,88.86235948,28.10430409,65.27826517,0.6728071688,121.0398484,6.496325493,297.8667603,0,112.4264679,9.999999747e-05,9.999999747e-05,101888.1875,11.52344799,3.019092762
147.1999969,272.0616583,88.0418583,27.9474686,64.89421094,0.6843487637,123.9879184,6.499675274,297.9327698,0,114.4136505,9.999999747e-05,62.99847794,101903.0469,11.60469341,3.17958167
147.3999939,275.5882578,89.19944957,28.15260706,65.21000867,0.6711690132,121.9434049,6.501783371,297.8666077,0,115.0548553,9.999999747e-05,9.999999747e-05,101917.2344,11.47302246,3.275299514
147.6000061,274.270527,88.46224469,27.99004248,64.84024482,0.6819678923,124.6882221,6.504554749,297.9326172,0,114.8653259,9.999999747e-05,63.02725983,101932.1016,11.55551624,3.335354018
147.8000031,277.1739261,89.56020983,28.17761502,65.16581875,0.6692136165,122.4877905,6.505599499,297.8664246,0,113.5609894,9.999999747e-05,9.999999747e-05,101946.0156,11.42290878,3.434582228
148,274.9503969,88.61291372,27.98725736,64.80397398,0.6809123698,125.0505074,6.504603386,297.9325256,0,111.8466644,9.999999747e-05,63.06890488,101960.1562,11.5386734,3.264899779
148.1999969,276.7368581,89.31383451,28.13371931,65.142791,0.6701881795,122.6014624,6.50296545,297.8663635,0,110.5319443,9.999999747e-05,9.999999747e-05,101973.4609,11.42142296,3.395334432
148.3999939,274.1318677,88.07912241,27.92293602,64.77704201,0.6837193417,125.1676711,6.501473427,297.9324646,0,109.8679123,9.999999747e-05,63.09326172,101987.3516,11.54130554,3.350209412
148.6000061,276.0841357,88.66699515,28.06672563,65.10719551,0.6732700341,122.8259415,6.498914242,297.8663635,0,109.7981415,9.999999747e-05,9.999999747e-05,102000.5234,11.44192123,3.389283213
148.8000031,273.7441351,87.44691335,27.86658348,64.745868,0.6871802722,125.396016,6.497043133,297.9324646,0,110.7559738,9.999999747e-05,63.09418488,102014.5625,11.56927109,3.340770016
149,276.1195112,87.94987598,28.01519292,65.06713594,0.676846361,123.1919957,6.494787693,297.866394,0,112.4567337,9.999999747e-05,9.999999747e-05,102028.1406,11.47608376,3.380402806
149.1999969,274.3814928,86.86493279,27.83533418,64.70388416,0.6904629715,125.8475128,6.492874622,297.9324646,0,115.0630035,9.999999747e-05,63.08008575,102042.7812,11.61083984,3.276313205
149.3999939,277.3162409,87.35093174,27.99467731,65.01620122,0.6800437318,123.7878553,6.490900517,297.866394,0,118.4322815,9.999999747e-05,9.999999747e-05,102057.1953,11.52280521,3.304477493
149.6000061,276.0081058,86.37932904,27.82921262,64.64926635,0.6934927092,126.5152284,6.489739895,297.9324341,0,122.592392,9.999999747e-05,63.05738449,102072.9375,11.65627098,3.226295194
149.8000031,279.627529,86.95216678,28.00504517,64.94685059,0.6826967484,124.6556262,6.490253925,297.8663635,0,127.2140045,9.999999747e-05,9.999999747e-05,102088.7344,11.55459499,3.37482879
150,278.7335848,86.30444587,27.86294656,64.5760304,0.6947412532,127.4477332,6.492306232,297.932312,0,131.6269836,9.999999747e-05,63.04782104,102106,11.66598415,3.383592421
150.1999969,282.9911104,87.28392161,28.06933415,64.86403664,0.6820594859,125.7444934,6.494800568,297.8662415,0,135.2193146,9.999999747e-05,9.999999747e-05,102123.0703,11.54705238,3.509851382
150.3999939,281.6476271,86.76414316,27.9261655,64.50308888,0.6930969105,128.4028725,6.496216774,297.9321594,0,137.8173981,9.999999747e-05,63.06448364,102141.1875,11.65903091,3.389704488
150.6000061,285.5066102,87.68548545,28.12002401,64.79531539,0.6808430247,126.6282049,6.497164726,297.8660583,0,139.8540039,9.999999747e-05,9.999999747e-05,102158.8125,11.54486656,3.474238026
150.8000031,283.3507144,86.90216199,27.94823972,64.44537547,0.692959279,129.092583,6.497731686,297.9320068,0,141.5094452,9.999999747e-05,63.09328079,102177.3906,11.65995502,3.394992619
151,287.0174163,87.7270433,28.13098611,64.73760763,0.6811869665,127.2958698,6.496768475,297.8659363,0,142.9378662,9.999999747e-05,9.999999747e-05,102195.2969,11.55656433,3.412115856
151.1999969,284.3812872,86.71670598,27.93851323,64.39311524,0.694542711,129.6465256,6.496103764,297.9319153,0,144.7553864,9.999999747e-05,63.12068176,102214.25,11.68115616,3.351528605
151.3999939,287.9935658,87.39723321,28.11099092,64.67935458,0.6835668403,127.8901684,6.49636507,297.8658447,0,146.8329468,9.999999747e-05,9.999999747e-05,102232.7656,11.57363701,3.494831177
151.6000061,285.4859044,86.55201663,27.93176544,64.337003,0.6962772055,130.2415366,6.496767044,297.9317932,0,148.8039398,9.999999747e-05,63.14736176,102252.3828,11.6924305,3.439117344
151.8000031,289.3055015,87.3504007,28.11321902,64.61864753,0.6846642722,128.5546781,6.495015144,297.8657532,0,150.6165771,9.999999747e-05,9.999999747e-05,102271.3516,11.59667873,3.415220313
152,286.4227905,86.28514539,27.91522137,64.27928202,0.6987266863,130.8241179,6.494317532,297.9317322,0,153.1375885,9.999999747e-05,63.16008759,102291.5781,11.72640991,3.382868312
152.1999969,290.2356521,86.9639399,28.08881921,64.55246907,0.6879180926,129.2009299,6.493424892,297.8656921,0,155.9272614,9.999999747e-05,9.999999747e-05,102311.4375,11.63151073,3.448354316
152.3999939,287.4369391,86.04011643,27.90201726,64.21350323,0.7016663531,131.4802138,6.494021893,297.9316101,0,159.0779419,9.999999747e-05,63.17063904,102332.7266,11.75708961,3.44503159
152.6000061,291.4517191,86.86634246,28.08658662,64.47810104,0.6902414729,129.9597622,6.493763447,297.8655701,0,161.9842834,9.999999747e-05,9.999999747e-05,102353.6719,11.65949249,3.488487392
152.8000031,288.5474943,86.00111819,27.90215929,64.14345894,0.7037623303,132.1917201,6.493553638,297.9315186,0,165.0016174,9.999999747e-05,63.18358994,102375.9844,11.7896986,3.416531241
153,292.4789915,86.73894876,28.07770148,64.40044619,0.6929753989,130.719349,6.492326736,297.8654785,0,168.0999298,9.999999747e-05,9.999999747e-05,102398,11.70040417,3.44274483
153.1999969,289.3534324,85.78491389,27.88479396,64.06851312,0.7073029584,132.8935473,6.493959904,297.931366,0,171.6926117,9.999999747e-05,63.19626999,102421.6328,11.82670021,3.496963672
153.3999939,293.3992976,86.73444813,28.07401453,64.31848553,0.6955901761,131.504852,6.494830608,297.8653259,0,174.6193237,9.999999747e-05,9.999999747e-05,102445.0078,11.7252779,3.559095438
153.6000061,290.2519036,85.95525583,27.89273541,63.99534873,0.7087025563,133.6180716,6.498628616,297.9311829,0,177.2094727,9.999999747e-05,63.22206116,102469.8672,11.83590317,3.641077332
153.8000031,294.3812053,87.11325975,28.09426627,64.24768667,0.6954789576,132.2446218,6.502098083,297.8651123,0,178.26828,9.999999747e-05,9.999999747e-05,102494.1875,11.71041012,3.764924968
154,291.2525387,86.47004546,27.92427435,63.94661078,0.7065134173,134.1928818,6.504951954,297.9309998,0,177.9498291,9.999999747e-05,63.26737976,102519.2734,11.80860138,3.717324942
154.1999969,295.4264157,87.49825906,28.11415849,64.2114596,0.6930198409,132.7157324,6.504095078,297.8649292,0,176.4908447,9.999999747e-05,9.999999747e-05,102543.0938,11.69034863,3.685247362
154.3999939,292.0071478,86.36928055,27.90741144,63.92274239,0.7059780023,134.470199,6.501066208,297.9308472,0,175.3848114,9.999999747e-05,63.30596161,102567.3281,11.81486607,3.524900076
154.6000061,295.9131464,86.79355701,28.05028352,64.18196865,0.6958364471,132.9500233,6.49871397,297.8648376,0,175.485611,9.999999747e-05,9.999999747e-05,102590.6562,11.71826172,3.626347165
154.8000031,292.3316376,85.64940212,27.84317612,63.88651114,0.7100923844,134.7398406,6.494822979,297.9307861,0,176.5180359,9.999999747e-05,63.32741165,102614.8672,11.85810375,3.475907331
155,296.1892562,85.96434859,27.97938488,64.12856875,0.7012570969,133.3548449,6.488635063,297.8648071,0,179.1141663,9.999999747e-05,9.999999747e-05,102638.5312,11.79536247,3.411425862
155.1999969,292.3665561,84.60153352,27.7565953,63.81609878,0.7187153239,135.244163,6.485626698,297.9307251,0,184.1880646,9.999999747e-05,63.31816864,102664.0781,11.95785236,3.419472843
155.3999939,296.1200366,85.05437582,27.90094545,64.03016776,0.7109075247,134.0681763,6.485799313,297.8647461,0,190.4474335,9.999999747e-05,9.999999747e-05,102690.1172,11.89224339,3.578483875
155.6000061,292.289055,84.45614261,27.72712615,63.70750553,0.7257918963,136.0872494,6.488708019,297.9305725,0,196.6375732,9.999999747e-05,63.31681824,102718.4922,12.03123283,3.618511264
155.8000031,295.8645468,85.46904919,27.89962793,63.90133408,0.7155243136,135.0996412,6.494253635,297.864563,0,201.6653137,9.999999747e-05,9.999999747e-05,102747.3359,11.93701649,3.81048086
156,292.0208149,85.18986698,27.74955939,63.60037765,0.7271060934,136.9950102,6.498680592,297.9303284,0,204.4750061,9.999999747e-05,63.34428024,102777.7812,12.04839706,3.743626729
156.1999969,295.7138086,86.27482636,27.92650736,63.80770261,0.7148212509,135.9407278,6.504109859,297.8642883,0,205.5260468,9.999999747e-05,9.999999747e-05,102807.8359,11.92951107,3.905322443
156.3999939,292.3021155,85.78966502,27.77496912,63.54684226,0.7247259228,137.5502664,6.508739471,297.9300537,0,204.3984833,9.999999747e-05,63.39513397,102838.5234,12.01470375,3.869897736
156.6000061,296.5628694,86.87057616,27.9595261,63.78179157,0.7102420246,136.3444241,6.511302948,297.8640137,0,201.4248047,9.999999747e-05,9.999999747e-05,102867.7734,11.87592602,3.935129698
156.8000031,293.6196632,86.03220604,27.79294642,63.55026978,0.7199088295,137.7152971,6.513258457,297.9298096,0,197.4299316,9.999999747e-05,63.45472336,102896.8516,11.95287895,3.899796689
157,298.3459959,86.86640277,27.96426974,63.80295145,0.7054939658,136.3877484,6.515151501,297.8637695,0,192.6483765,9.999999747e-05,9.999999747e-05,102924.0312,11.80375481,4.047409262
157.1999969,295.3488467,85.94857614,27.79216462,63.57972384,0.7150031254,137.6605473,6.51326561,297.929657,0,187.1078644,9.999999747e-05,63.51256943,102950.5703,11.88804054,3.874396854
157.3999939,300.1844163,86.40302206,27.93515636,63.83744732,0.7022683579,136.269078,6.511952877,297.8636475,0,182.3339386,9.999999747e-05,9.999999747e-05,102975.0938,11.75573444,4.010308885
157.6000061,296.721261,85.2772275,27.7424625,63.60455929,0.7139391563,137.5401211,6.51037693,297.9295349,0,178.0710297,9.999999747e-05,63.54455185,102999.4141,11.85108566,3.961116046
157.8000031,301.3505912,85.70957669,27.88149832,63.85646741,0.7017516303,136.1878444,6.507381916,297.8635864,0,174.4411469,9.999999747e-05,9.999999747e-05,103021.9062,11.73594189,3.993620159
158,297.4823158,84.53537464,27.68259441,63.61253496,0.7149667056,137.506861,6.505942822,297.9294739,0,172.0131683,9.999999747e-05,63.55245209,103044.7031,11.84389305,4.003880688
158.1999969,301.9807939,84.94417069,27.819641,63.85568663,0.7034261887,136.2237973,6.502155304,297.8635254,0,170.1510925,9.999999747e-05,9.999999747e-05,103066.0078,11.74479961,3.96974767
158.3999939,297.8979161,83.81804863,27.6244733,63.60234686,0.7176441533,137.6081664,6.498513699,297.9293823,0,169.8167725,9.999999747e-05,63.54660797,103088.0312,11.87396812,3.88940435
158.6000061,302.327291,83.99233318,27.74777569,63.8326554,0.7080665661,136.426391,6.492254734,297.8635254,0,170.9311066,9.999999747e-05,9.999999747e-05,103109.0781,11.80533981,3.791434552
158.8000031,298.119532,82.82131605,27.55208131,63.56587225,0.7244024277,137.9147792,6.490250111,297.9293213,0,174.5580139,9.999999747e-05,63.52621078,103131.8281,11.95002937,3.85977271
159,302.5613438,83.18794027,27.68969931,63.77581738,0.7151960616,136.8942653,6.489219666,297.8634338,0,178.9645233,9.999999747e-05,9.999999747e-05,103154.4844,11.87909508,3.920917968
159.1999969,298.31783,82.63658952,27.53157742,63.49768904,0.7295142533,138.4722028,6.490698338,297.9291687,0,183.7935486,9.999999747e-05,63.52173615,103179.2031,12.0112257,3.950532473
159.3999939,302.5924545,83.333987,27.68386731,63.69046706,0.7192547075,137.5727357,6.492168903,297.8632812,0,188.0261383,9.999999747e-05,9.999999747e-05,103203.9219,11.93077087,3.997350279
159.6000061,298.2152225,82.94202488,27.53378553,63.41818366,0.7323713299,139.0979394,6.496306419,297.9289551,0,191.6785431,9.999999747e-05,63.53853607,103230.5312,12.04671574,4.058448556
159.8000031,302.3313737,83.85187871,27.69419821,63.60886485,0.7206231393,138.2106594,6.498559475,297.8630371,0,193.667099,9.999999747e-05,9.999999747e-05,103256.7188,11.95057678,4.062369423
160,298.1078059,83.38231079,27.54351232,63.35665857,0.7325845286,139.5993402,6.501467705,297.9287109,0,194.7691956,9.999999747e-05,63.57762527,103284.1406,12.05636978,4.051834396
160.1999969,302.398683,84.14712174,27.69525654,63.55627713,0.7205612836,138.6621506,6.504884243,297.862793,0,194.6997375,9.999999747e-05,9.999999747e-05,103310.7422,11.94418526,4.166838508
160.3999939,298.4077083,83.68346886,27.55082415,63.32379169,0.7310133967,139.9193714,6.510641575,297.9284973,0,193.2641602,9.999999747e-05,63.63165665,103338.0859,12.02223206,4.264128702
160.6000061,303.0023792,84.64024422,27.71765807,63.53720579,0.7163341543,138.9241196,6.51538229,297.8625488,0,189.5195465,9.999999747e-05,9.999999747e-05,103363.8438,11.87789631,4.372975396
160.8000031,299.3917516,84.14811864,27.57919191,63.33081931,0.7246836351,140.0058852,6.520469189,297.9282532,0,183.8894501,9.999999747e-05,63.69573975,103389.3438,11.93089104,4.43019694
161,304.4902468,85.00012179,27.74256871,63.56672903,0.7086252875,138.8810487,6.523272038,297.8623047,0,176.2203217,9.999999747e-05,9.999999747e-05,103412.2891,11.76709175,4.515783102
161.1999969,300.8408405,84.27062894,27.58749725,63.37578781,0.7171075657,139.7969791,6.52458477,297.9281006,0,167.4385834,9.999999747e-05,63.7565155,103434.2031,11.82023048,4.496863426
161.3999939,305.8624551,84.76244023,27.71993757,63.62267434,0.7024044199,138.5482476,6.524194241,297.8621521,0,158.129303,9.999999747e-05,9.999999747e-05,103453.1719,11.66334152,4.604050341
161.6000061,301.3684519,83.81703608,27.53926141,63.42612655,0.7131009536,139.3921921,6.521963596,297.928009,0,148.9770355,9.999999747e-05,63.80010223,103471.1172,11.7379427,4.549011911
161.8000031,305.6063327,83.95696186,27.63627557,63.6696817,0.7009687132,138.0832851,6.516778469,297.8620911,0,140.7176208,9.999999747e-05,9.999999747e-05,103486.2812,11.61783314,4.524279959
162,300.2672294,82.7824586,27.43595682,63.46105241,0.7150453143,138.9625504,6.511518002,297.9279785,0,134.536087,9.999999747e-05,63.80924225,103501.1953,11.7271328,4.495604606
162.1999969,304.008438,82.57706,27.51154207,63.69426342,0.7055641492,137.7370634,6.507144451,297.8621216,0,130.4496002,9.999999747e-05,9.999999747e-05,103514.3594,11.63044262,4.615254357
162.3999939,298.8529529,81.70808049,27.34056003,63.47347799,0.7198423471,138.7654418,6.501819611,297.927948,0,128.1093445,9.999999747e-05,63.8004837,103528.0312,11.75810909,4.487989145
162.6000061,302.9078531,81.42021223,27.42219886,63.69772266,0.7109913505,137.6859559,6.496314526,297.8621826,0,127.9050674,9.999999747e-05,9.999999747e-05,103540.5312,11.68988514,4.448075463
162.8000031,298.4282551,80.64075686,27.27093375,63.47070453,0.7257478463,138.8561453,6.492258072,297.927948,0,129.9003143,9.999999747e-05,63.76660538,103554.3984,11.82536888,4.407714064
163,303.3751534,80.4212992,27.37268684,63.68288101,0.7165972893,137.9743005,6.488594532,297.8622131,0,133.5126801,9.999999747e-05,9.999999747e-05,103567.7188,11.76539516,4.353148082
163.1999969,299.6058397,79.97080525,27.24938595,63.44582571,0.7303339777,139.2634272,6.488224983,297.927887,0,138.5939636,9.999999747e-05,63.73180771,103583.0781,11.89097977,4.414838074
163.3999939,305.2445339,80.13170267,27.38056721,63.64240934,0.7196759178,138.5334361,6.490776539,297.8621216,0,143.8135071,9.999999747e-05,9.999999747e-05,103598.3516,11.8068409,4.542677906
163.6000061,301.5250171,80.28048555,27.28636693,63.39560966,0.7305252986,139.8332296,6.494720459,297.9277344,0,148.0133972,9.999999747e-05,63.72994232,103615.5547,11.90566349,4.567517637
163.8000031,306.9272512,80.8697152,27.43403928,63.58369464,0.7179813843,139.1148102,6.501440048,297.861908,0,150.6404877,9.999999747e-05,9.999999747e-05,103632.375,11.78925037,4.786496724
164,302.5952542,81.19021093,27.34084914,63.34636257,0.7269503351,140.2669852,6.507407665,297.9274902,0,150.5750275,9.999999747e-05,63.76895905,103650.3594,11.86253929,4.779929125
164.1999969,307.4532278,81.94102302,27.48692928,63.54450877,0.7129085212,139.4083963,6.513417244,297.8616333,0,148.1339264,9.999999747e-05,9.999999747e-05,103667.0078,11.72293282,4.943825734
164.3999939,302.5925724,81.96045023,27.37140542,63.32946131,0.7218952844,140.3446215,6.517724991,297.9272461,0,143.2864685,9.999999747e-05,63.83373642,103683.8438,11.78529549,4.938859113
164.6000061,306.909427,82.54765816,27.49630948,63.5425682,0.7079877542,139.3042739,6.518545628,297.8613892,0,136.7215424,9.999999747e-05,9.999999747e-05,103698.3516,11.65149975,4.914012284
164.8000031,301.4630679,82.06144364,27.34492572,63.34226902,0.719321257,140.0771605,6.516647339,297.927124,0,129.8344269,9.999999747e-05,63.89345932,103712.5078,11.73852158,4.808972792
165,305.1174201,82.09383307,27.42700161,63.56075145,0.7084522535,138.9535926,6.511484623,297.8612976,0,123.7042389,9.999999747e-05,9.999999747e-05,103724.3594,11.64032555,4.709934472
165.1999969,299.4229752,81.22500095,27.25622772,63.35925735,0.7229371314,139.7717042,6.505325317,297.927124,0,119.6412582,9.999999747e-05,63.91960526,103736.4062,11.76285553,4.60496251
165.3999939,303.119123,80.79816269,27.3193841,63.57345446,0.7146366642,138.7680838,6.499011517,297.8613586,0,118.0348587,9.999999747e-05,9.999999747e-05,103747.0469,11.69546413,4.573136202
165.6000061,298.2716583,80.02908837,27.17216069,63.36542533,0.7295233677,139.7607405,6.49421072,297.9271545,0,118.9513168,9.999999747e-05,63.90842819,103758.8672,11.82769394,4.551346622
165.8000031,303.0583137,79.6381922,27.2568515,63.57017525,0.7207398822,138.9631155,6.491279602,297.8614502,0,121.7826614,9.999999747e-05,9.999999747e-05,103770.0703,11.76324749,4.583159026
166,299.2741774,79.33634826,27.14833138,63.352525,0.7335303067,140.0802924,6.489037037,297.9271851,0,125.7850723,9.999999747e-05,63.88010025,103782.9219,11.8888855,4.490394481
166.1999969,304.9251158,79.17450043,27.25687464,63.5456858,0.7236250187,139.4328937,6.487233639,297.8614807,0,130.6882324,9.999999747e-05,9.999999747e-05,103795.375,11.8271904,4.413187991
166.3999939,301.3373441,79.04860345,27.15886204,63.32107452,0.7359323671,140.5914467,6.489372253,297.9270935,0,136.3135071,9.999999747e-05,63.8453598,103810.0156,11.93610954,4.535741539
166.6000061,307.3050732,79.34767357,27.29361801,63.50137135,0.7242023174,140.01544,6.492724895,297.8613892,0,141.0718231,9.999999747e-05,9.999999747e-05,103824.3828,11.8476305,4.575046302
166.8000031,303.3022806,79.61847891,27.20767292,63.27137432,0.734427759,141.1166451,6.497610092,297.9269409,0,144.4976807,9.999999747e-05,63.84594345,103840.5938,11.93598938,4.631212358
167,308.7156996,80.18552938,27.34689817,63.44941008,0.7215667731,140.4822183,6.501951218,297.8611755,0,145.9683685,9.999999747e-05,9.999999747e-05,103856,11.8291626,4.649980618
167.1999969,304.0558296,80.35040611,27.24733034,63.23195849,0.7314255606,141.430099,6.507638931,297.9266968,0,145.7093048,9.999999747e-05,63.87855911,103872.6406,11.90107822,4.761783328
167.3999939,308.9403421,80.97208719,27.38009592,63.41775841,0.7178264999,140.6785632,6.511244297,297.8609314,0,143.1690674,9.999999747e-05,9.999999747e-05,103887.7422,11.77848434,4.762735774
167.6000061,303.8521971,80.91239022,27.263694,63.21679998,0.7277880502,141.466976,6.512411118,297.9265442,0,139.1976318,9.999999747e-05,63.93435669,103903.125,11.85842037,4.667710072
167.8000031,308.3263405,81.1301725,27.36611158,63.41435427,0.7157938942,140.611603,6.512937069,297.8607483,0,134.7608948,9.999999747e-05,9.999999747e-05,103916.6484,11.74019718,4.751350965
168,302.9665791,80.80204704,27.23308982,63.22005067,0.7271912465,141.3433353,6.511548042,297.9264526,0,130.108078,9.999999747e-05,63.9851265,103930.3203,11.83073807,4.672444103
168.1999969,307.1417538,80.77662405,27.31748153,63.41882941,0.7164973885,140.471802,6.509783745,297.8606873,0,126.0150604,9.999999747e-05,9.999999747e-05,103942.1953,11.72708797,4.739654118
168.3999939,301.7280963,80.34208106,27.1811973,63.22523195,0.7290583936,141.2150181,6.506024837,297.9264221,0,122.6229248,9.999999747e-05,64.01313019,103954.4219,11.83553219,4.605124056
168.6000061,305.9144005,80.06933108,27.25445864,63.42223407,0.7197185179,140.4012734,6.501609325,297.8606873,0,120.7396698,9.999999747e-05,9.999999747e-05,103965.1562,11.75866318,4.566421795
168.8000031,300.9030057,79.54051022,27.12249666,63.22793039,0.7333527256,141.2258335,6.496442795,297.9264221,0,120.6184311,9.999999747e-05,64.00706482,103976.8125,11.88511848,4.429360267
169,305.7342229,79.07832655,27.19827675,63.42061776,0.7248549,140.557437,6.492297173,297.8607788,0,122.5641785,9.999999747e-05,9.999999747e-05,103987.625,11.82515526,4.409559222
169.1999969,301.5173947,78.72210083,27.08733229,63.22066744,0.7380152604,141.4902848,6.487471104,297.9264526,0,126.1624527,9.999999747e-05,63.97888184,103999.9688,11.95929623,4.230559377
169.3999939,307.2560323,78.26650163,27.1784077,63.40585153,0.7295295121,140.9776312,6.48483181,297.8608398,0,131.6965332,9.999999747e-05,9.999999747e-05,104012.0703,11.9071579,4.233121294
169.6000061,303.5180799,78.18175606,27.08644902,63.19593346,0.7419302542,141.984484,6.48441124,297.9264221,0,138.2770996,9.999999747e-05,63.94157028,104026.4375,12.02820015,4.232751184
169.8000031,309.7550254,78.19227143,27.20684879,63.36608683,0.7318157322,141.5616113,6.486831188,297.8607788,0,145.0255127,9.999999747e-05,9.999999747e-05,104040.8828,11.95772076,4.310147806
170,305.6073103,78.55009777,27.12818736,63.14428693,0.7424624693,142.544101,6.491013527,297.9262695,0,150.8036957,9.999999747e-05,63.92866135,104057.6484,12.0569706,4.345448704
170.1999969,311.2805859,79.02230313,27.26206734,63.30408603,0.7307651855,142.0873352,6.498117447,297.8605957,0,154.912262,9.999999747e-05,9.999999747e-05,104074.2578,11.95637131,4.519391615
170.3999939,306.3348956,79.54908573,27.18094467,63.0870535,0.7397079683,142.9382453,6.503997326,297.9260559,0,156.1754608,9.999999747e-05,63.95851898,104092.3672,12.03412628,4.478350379
170.6000061,311.3540154,80.13509607,27.3097401,63.2539308,0.7267919178,142.3595111,6.508306026,297.8603516,0,155.0999603,9.999999747e-05,9.999999747e-05,104109.2266,11.92127514,4.482598581
170.8000031,306.2339059,80.18976783,27.203302,63.06092934,0.7363403673,143.0639251,6.512320995,297.9258423,0,152.3021698,9.999999747e-05,64.0065155,104126.7422,11.9905138,4.514641574
171,311.0776836,80.58464645,27.3165758,63.23926154,0.7234312195,142.3978802,6.516294003,297.8601074,0,147.8943939,9.999999747e-05,9.999999747e-05,104142.4453,11.86000824,4.651366052
171.1999969,305.7576121,80.51103244,27.20164861,63.05866461,0.7328261617,142.9893548,6.518401623,297.9256592,0,141.8966675,9.999999747e-05,64.07064056,104158.1094,11.92388344,4.637388806
171.3999939,310.2351786,80.72395238,27.29662701,63.24375051,0.7203828098,142.2407929,6.517800808,297.8599548,0,135.0617523,9.999999747e-05,9.999999747e-05,104171.3516,11.80293655,4.628702449
171.6000061,304.5869901,80.30873086,27.16099663,63.07145158,0.7318084987,142.7676472,6.517086029,297.9255676,0,128.470047,9.999999747e-05,64.11736298,104184.5234,11.87709808,4.706081731
171.8000031,308.609317,80.2636429,27.23515999,63.25502309,0.7210049989,142.0127804,6.514534473,297.8598633,0,122.155983,9.999999747e-05,9.999999747e-05,104195.4531,11.77105427,4.72180314
172,302.7060187,79.81571482,27.09895653,63.08171745,0.7336790141,142.540435,6.511033058,297.9255066,0,116.8683014,9.999999747e-05,64.14795685,104206.5391,11.86639404,4.70909889
172.1999969,306.5612185,79.50486532,27.15901505,63.26305815,0.7245398614,141.8352599,6.505672932,297.8598328,0,112.9783783,9.999999747e-05,9.999999747e-05,104215.7734,11.79007053,4.623336396
172.3999939,301.031585,78.98052549,27.02882584,63.08937749,0.7383682323,142.4475138,6.499488354,297.9255371,0,111.2355347,9.999999747e-05,64.14834595,104225.7109,11.91264629,4.505920455
172.6000061,305.5447389,78.36095376,27.08622643,63.26947799,0.7305579374,141.8947426,6.49533844,297.8598938,0,111.9634247,9.999999747e-05,9.999999747e-05,104234.7109,11.85069561,4.567214752
172.8000031,301.0803442,78.08802815,26.98410995,63.09008595,0.7432758656,142.6313136,6.491745949,297.9255676,0,114.3418427,9.999999747e-05,64.12982178,104245.1406,11.97080231,4.486714335
173,306.6902291,77.63653593,27.06534663,63.26319484,0.7341979079,142.2184454,6.491334915,297.8599548,0,118.1619949,9.999999747e-05,9.999999747e-05,104255.1406,11.90303516,4.583814032
173.1999969,302.8089451,77.77078141,26.9885468,63.07562203,0.7449117968,142.9913322,6.492587566,297.9255066,0,122.1379395,9.999999747e-05,64.1075592,104266.9688,12.00088978,4.60206819
173.3999939,308.8058613,77.75641661,27.09403207,63.23783728,0.7337769795,142.6214926,6.495098114,297.8598938,0,125.6175385,9.999999747e-05,9.999999747e-05,104278.2344,11.91770172,4.62181897
173.6000061,304.5184755,78.09657418,27.02062145,63.04699903,0.7435229297,143.3321797,6.49824667,297.9253845,0,128.0940247,9.999999747e-05,64.10118866,104291.1094,12.00256252,4.630492473
173.8000031,310.0852805,78.27447161,27.12870682,63.20651986,0.7317515627,142.9104714,6.502130032,297.8597412,0,129.3130646,9.999999747e-05,9.999999747e-05,104303.1172,11.90348434,4.691725229
174,305.1797023,78.61520549,27.0475727,63.01983277,0.7412298429,143.5220844,6.505011559,297.9252319,0,128.9783783,9.999999747e-05,64.12184143,104316.2109,11.98193836,4.65385768
174.1999969,310.17935,78.78237627,27.14638749,63.18258154,0.7295444353,143.0199494,6.50667429,297.8595886,0,127.4968033,9.999999747e-05,9.999999747e-05,104327.8984,11.8822937,4.633588044
174.3999939,304.8808928,78.8594718,27.0484268,63.00547835,0.7400335516,143.5598037,6.508000374,297.9250793,0,125.3507919,9.999999747e-05,64.15188599,104340.3672,11.96151447,4.654121517
174.6000061,309.549792,78.89071528,27.13486907,63.17062498,0.7289855277,143.0258039,6.509177208,297.859436,0,122.6715317,9.999999747e-05,9.999999747e-05,104351.3047,11.85794163,4.725950996
174.8000031,304.0515278,78.9145025,27.03297478,62.99733857,0.7397634346,143.5239554,6.509305954,297.9249878,0,119.5210648,9.999999747e-05,64.19016266,104362.8203,11.93966675,4.715401906
175,308.4350701,78.83878312,27.10941624,63.16317065,0.7292945231,142.9699712,6.50856781,297.859314,0,116.3219376,9.999999747e-05,9.999999747e-05,104372.6719,11.84433079,4.732154444
175.1999969,302.8762248,78.74118629,27.00273997,62.99390946,0.7408967601,143.4570422,6.506581306,297.9249268,0,113.4177322,9.999999747e-05,64.21868134,104383.0859,11.937603,4.67865576
175.3999939,307.2295092,78.46877804,27.06931919,63.15995976,0.7314288499,142.936276,6.503414154,297.8592834,0,111.3093414,9.999999747e-05,9.999999747e-05,104391.9531,11.86133862,4.609999061
175.6000061,301.9760804,78.25191301,26.96303248,62.99329258,0.7438465386,143.4693735,6.500270844,297.9248962,0,110.4677505,9.999999747e-05,64.22616577,104401.7422,11.96605206,4.577458121
175.8000031,306.8101752,77.8341922,27.02996089,63.15784196,0.7348753022,143.04535,6.498474598,297.8592834,0,110.8795395,9.999999747e-05,9.999999747e-05,104410.5078,11.89305115,4.625289144
176,302.1293962,77.80805628,26.9405374,62.98791346,0.7463434227,143.6283701,6.497527122,297.9248657,0,112.0055542,9.999999747e-05,64.22477722,104420.5859,11.99127007,4.63025522
176.1999969,307.4692122,77.54684681,27.0211227,63.14758022,0.736362339,143.2636082,6.497460365,297.8592529,0,113.5120087,9.999999747e-05,9.999999747e-05,104429.75,11.91513348,4.633384595
176.3999939,302.9526855,77.69406111,26.94157748,62.97570481,0.746944918,143.8378686,6.497260094,297.9248047,0,115.0450363,9.999999747e-05,64.22042847,104440.2422,12.01073456,4.571913622
176.6000061,308.4268644,77.49787936,27.02667032,63.13318854,0.7366580612,143.4926425,6.497463703,297.8592224,0,116.6614304,9.999999747e-05,9.999999747e-05,104449.8047,11.93403053,4.54527603
176.8000031,303.8382454,77.66640982,26.9471749,62.96133442,0.7471556423,144.0514312,6.498260975,297.9247437,0,118.1945572,9.999999747e-05,64.21687317,104460.7734,12.02406502,4.546373187
177,309.3180132,77.55893453,27.03597434,63.11613407,0.7365115759,143.7121458,6.498829365,297.8591614,0,119.408287,9.999999747e-05,9.999999747e-05,104470.7266,11.94433594,4.497994783
177.1999969,304.5473033,77.7386854,26.95473872,62.94513584,0.7469480596,144.2397108,6.499295712,297.9246521,0,120.3972626,9.999999747e-05,64.22007751,104481.9609,12.03482246,4.46451144
177.3999939,309.9332133,77.61234455,27.04115467,63.09976713,0.7364905199,143.8984794,6.50137949,297.8590698,0,121.1993408,9.999999747e-05,9.999999747e-05,104492.2656,11.94472504,4.562388324
177.6000061,304.9742704,77.88553397,26.96180534,62.92817095,0.7464194139,144.389473,6.503263474,297.9245605,0,121.162262,9.999999747e-05,64.23709869,104503.7344,12.02511024,4.564082252
177.8000031,310.0797262,77.88163704,27.04920801,63.08074706,0.7354417141,144.0105629,6.505300045,297.8589478,0,120.3773575,9.999999747e-05,9.999999747e-05,104513.9688,11.92940521,4.610044069
178,304.7913732,78.10502548,26.96406744,62.91345457,0.745525415,144.4412194,6.505256176,297.924469,0,118.7767258,9.999999747e-05,64.26018524,104524.9766,12.01538181,4.503008414
178.1999969,309.6068585,77.94987288,27.03983667,63.06876937,0.7353406902,144.0404497,6.504293919,297.8588867,0,117.201004,9.999999747e-05,9.999999747e-05,104534.5312,11.93153572,4.46416051
178.3999939,304.29665,77.94164767,26.9448026,62.90695633,0.746602472,144.4769478,6.502577305,297.924408,0,116.006546,9.999999747e-05,64.27359772,104544.9609,12.02559948,4.413321797
178.6000061,309.2395388,77.62774196,27.01471998,63.06211031,0.7371454002,144.1260477,6.499201298,297.8588562,0,115.4981308,9.999999747e-05,9.999999747e-05,104553.9922,11.95937443,4.273851413
178.8000031,304.2353752,77.48845189,26.91886584,62.9028833,0.7491629733,144.6073414,6.49679327,297.9243774,0,116.343277,9.999999747e-05,64.27097321,104564.2812,12.06162643,4.279856135
179,309.7154593,77.08588792,26.9924023,63.05659423,0.7399613436,144.3459366,6.495606422,297.8588562,0,118.1429672,9.999999747e-05,9.999999747e-05,104573.6797,11.99311829,4.290851132
179.1999969,305.0736964,77.18473787,26.91192912,62.89253879,0.7508678526,144.8485004,6.495372295,297.9243164,0,120.4166718,9.999999747e-05,64.26893616,104584.6172,12.0888176,4.294207299
179.3999939,310.8550724,76.96013975,26.99739541,63.04181728,0.7407875578,144.6150887,6.493654251,297.8588257,0,122.784668,9.999999747e-05,9.999999747e-05,104594.5781,12.02622795,4.131008294
179.6000061,306.2174456,77.03716691,26.91607028,62.87787024,0.7519014438,145.1174882,6.493893147,297.9242859,0,125.8477859,9.999999747e-05,64.25785828,104606.2734,12.12212086,4.182454164
179.8000031,312.1658821,76.86693489,27.00657518,63.02481252,0.74171902,144.9104546,6.4958601,297.8587646,0,128.8042908,9.999999747e-05,9.999999747e-05,104617.3203,12.04399872,4.235350575
180,307.3254293,77.22278149,26.93428645,62.85510405,0.7515327561,145.3710962,6.498951435,297.9241638,0,130.9746399,9.999999747e-05,64.26512909,104630.0156,12.12508106,4.286942863
180.1999969,312.921174,77.30096699,27.0306655,62.99756668,0.7403623706,145.1136711,6.503893375,297.8586426,0,131.9101715,9.999999747e-05,9.999999747e-05,104641.8516,12.02562904,4.419424009
180.3999939,307.5343498,77.77805824,26.95692434,62.82934463,0.7492727923,145.4780608,6.508637905,297.9240417,0,130.8664398,9.999999747e-05,64.29311371,104654.8047,12.08954525,4.473635835
180.6000061,312.4317246,77.98502021,27.04853455,62.97193812,0.7374278499,145.1216393,6.513176918,297.858429,0,127.9314804,9.999999747e-05,9.999999747e-05,104666.25,11.97534275,4.573748013
180.8000031,306.5385783,78.30769302,26.96245121,62.81382498,0.7466160181,145.3831475,6.514101505,297.9238892,0,123.1809311,9.999999747e-05,64.33641815,104677.9453,12.04584503,4.455256763
181,310.8908455,78.22593356,27.03124617,62.96296965,0.7361060186,144.9698049,6.512434006,297.8583374,0,118.0718689,9.999999747e-05,9.999999747e-05,104687.5469,11.95142174,4.391094701
181.1999969,304.9545091,78.09474754,26.92506825,62.81474568,0.7476758447,145.2505662,6.509662628,297.9238281,0,113.6266174,9.999999747e-05,64.36294556,104697.4844,12.03705692,4.382055076
181.3999939,309.2954993,77.69073728,26.97842469,62.96301653,0.7388807841,144.9150261,6.506524563,297.8582764,0,110.2853928,9.999999747e-05,9.999999747e-05,104705.7422,11.95781231,4.398971892
181.6000061,303.6667903,77.55104411,26.87853214,62.81484166,0.7509332791,145.2445996,6.50222826,297.9237976,0,108.1970444,9.999999747e-05,64.37864685,104714.6875,12.05948544,4.318471961
181.8000031,308.4687558,76.9802369,26.93134838,62.96278007,0.7427850775,145.0024211,6.49806118,297.8583069,0,107.8298721,9.999999747e-05,9.999999747e-05,104722.375,11.9996376,4.271520697
182,303.5326913,76.86750642,26.84297458,62.81511647,0.7547355125,145.4022507,6.494464397,297.9237976,0,109.1252747,9.999999747e-05,64.37116241,104731.3672,12.10597801,4.234431632
182.1999969,309.2149124,76.29658369,26.90800094,62.96116558,0.746129498,145.2685132,6.491625786,297.8583374,0,111.8578873,9.999999747e-05,9.999999747e-05,104739.5391,12.05236912,4.164544404
182.3999939,304.8679982,76.37309985,26.83526232,62.8102679,0.7570927005,145.704035,6.490536213,297.9237976,0,115.7254715,9.999999747e-05,64.35109711,104749.5156,12.15229511,4.177974138
182.6000061,311.1898363,75.99835927,26.91753153,62.95198159,0.7473891821,145.6234464,6.49025774,297.8583374,0,120.0254974,9.999999747e-05,9.999999747e-05,104758.9062,12.09209919,4.111775704
182.8000031,306.8320961,76.30791404,26.85382535,62.79484125,0.7574001177,146.0411038,6.491730213,297.9237366,0,124.4398804,9.999999747e-05,64.33442688,104770.2734,12.18247318,4.14450265
183,313.1117575,76.17732138,26.94658165,62.93145839,0.7468977988,145.9423524,6.494320869,297.8582764,0,128.2620697,9.999999747e-05,9.999999747e-05,104781.0781,12.1077528,4.144203271
183.1999969,308.2359078,76.65826413,26.88294656,62.76964052,0.7562279135,146.2972591,6.496864319,297.923645,0,131.0498657,9.999999747e-05,64.33580017,104793.5859,12.19117355,4.118848545
183.3999939,314.0277358,76.64542799,26.97453452,62.90443258,0.7455339481,146.1418363,6.502048016,297.8581543,0,132.8240356,9.999999747e-05,9.999999747e-05,104805.375,12.09710121,4.269701267
183.6000061,308.561215,77.20531049,26.90676087,62.74292693,0.7542442234,146.4143337,6.505354881,297.9234924,0,132.516037,9.999999747e-05,64.36103058,104818.3125,12.16958809,4.204579634
183.8000031,313.7414973,77.25534957,26.99184069,62.87828574,0.7432260357,146.1801644,6.50911665,297.8580017,0,130.8999023,9.999999747e-05,9.999999747e-05,104829.9062,12.06789494,4.290394923
184,307.9639358,77.59467513,26.91092849,62.72622346,0.7524800655,146.3960791,6.511399746,297.9233704,0,127.7715759,9.999999747e-05,64.39369965,104842.1484,12.13422871,4.285261773
184.1999969,312.7090863,77.55423566,26.98431338,62.8631116,0.7417592136,146.1224031,6.51346159,297.8578491,0,123.7362213,9.999999747e-05,9.999999747e-05,104852.625,12.02889061,4.373389006
184.3999939,306.7094087,77.73400607,26.89476262,62.71821841,0.7516973539,146.295222,6.512615681,297.9232788,0,118.8721924,9.999999747e-05,64.43128967,104863.3125,12.10345745,4.28949448
184.6000061,311.1585132,77.45275668,26.95188739,62.8569728,0.7422128503,146.0261764,6.510230064,297.8577576,0,114.3553467,9.999999747e-05,9.999999747e-05,104872.0391,12.01752281,4.264053596
184.8000031,305.2710904,77.36842673,26.85390062,62.71788147,0.7537660578,146.2367387,6.506418228,297.9232178,0,110.7883682,9.999999747e-05,64.45163727,104881.2188,12.10831833,4.21146332
185,309.9442287,76.82312362,26.90228889,62.85596348,0.7455911645,146.0632741,6.501348972,297.8577576,0,108.7459335,9.999999747e-05,9.999999747e-05,104888.7734,12.04774284,4.109116803
185.1999969,304.6212486,76.65432288,26.8099842,62.7191319,0.7577894848,146.3489429,6.497775555,297.9232178,0,108.7308273,9.999999747e-05,64.44928741,104897.5,12.14563942,4.167160167
185.3999939,310.0974307,76.06320264,26.86755993,62.85537448,0.7494386665,146.2880742,6.496023655,297.8577576,0,110.1361847,9.999999747e-05,9.999999747e-05,104905.3125,12.08262634,4.208995802
185.6000061,305.3186885,76.23072916,26.79694387,62.71389339,0.7599410058,146.5787472,6.494941711,297.9231873,0,112.2409592,9.999999747e-05,64.44651794,104914.625,12.17551804,4.195181015
185.8000031,311.2584857,75.82128085,26.86845867,62.84740607,0.7505103166,146.5398395,6.494167805,297.8577576,0,114.7821732,9.999999747e-05,9.999999747e-05,104923.0859,12.11383533,4.122093337
186,306.5527562,76.09331596,26.80301283,62.70424455,0.7605543051,146.8180037,6.494945526,297.9231567,0,117.6340485,9.999999747e-05,64.43663025,104933.25,12.19968414,4.166549321
186.1999969,312.5979375,75.83838432,26.88260841,62.83443059,0.7504838006,146.779537,6.495458603,297.8577271,0,120.1708679,9.999999747e-05,9.999999747e-05,104942.5547,12.13254356,4.08063123
186.3999939,307.6668322,76.19335078,26.81754418,62.68916697,0.7602172397,147.0244665,6.495959282,297.9230957,0,122.5083237,9.999999747e-05,64.43366241,104953.4375,12.21979713,4.043766408
186.6000061,313.601985,75.94171049,26.89617626,62.81927293,0.7503492547,146.9783792,6.498733521,297.8576355,0,124.6446228,9.999999747e-05,9.999999747e-05,104963.5703,12.13964939,4.137708612
186.8000031,308.3503527,76.42188589,26.83208973,62.67098793,0.7595028545,147.1794393,6.501471519,297.9229736,0,125.6636276,9.999999747e-05,64.44619751,104975.1328,12.21425152,4.147817713
187,313.8457814,76.35217473,26.91229764,62.79762324,0.7489613073,147.0722305,6.505059242,297.8575134,0,125.5949402,9.999999747e-05,9.999999747e-05,104985.5938,12.12301064,4.216991087
187.1999969,308.1717925,76.80814104,26.84221772,62.6525438,0.7580287508,147.2088155,6.50680542,297.9228821,0,124.0881958,9.999999747e-05,64.46918488,104996.9766,12.19517326,4.161166727
187.3999939,313.2466738,76.66765572,26.91269497,62.78042392,0.7478343228,147.066019,6.507891178,297.8574219,0,121.891861,9.999999747e-05,9.999999747e-05,105006.8203,12.10637283,4.165336818
187.6000061,307.4661943,76.9011295,26.83230047,62.64219672,0.7577914499,147.1952512,6.50773716,297.9227905,0,119.2574997,9.999999747e-05,64.49134064,105017.3594,12.18155289,4.146573056
187.8000031,312.4052134,76.60666443,26.89314239,62.77037767,0.7483241242,147.0737405,6.506529331,297.8573303,0,116.6865463,9.999999747e-05,9.999999747e-05,105026.2344,12.10181046,4.113145885
188,306.7139835,76.70313003,26.80913514,62.63632987,0.7590256286,147.2188943,6.505352497,297.9227295,0,114.5982056,9.999999747e-05,64.50746918,105035.9453,12.18128395,4.150272155
188.1999969,311.7584393,76.30858399,26.86653879,62.76329511,0.750011846,147.1434665,6.504226208,297.8572693,0,112.9771194,9.999999747e-05,9.999999747e-05,105044.2109,12.10530567,4.161341679
188.3999939,306.2113901,76.46179086,26.78807815,62.6298823,0.7605719791,147.2873187,6.503482342,297.9226685,0,111.8065033,9.999999747e-05,64.52172852,105053.4844,12.18497658,4.209577886
188.6000061,311.3840706,76.07968088,26.84742409,62.75500726,0.751439893,147.2352641,6.503273487,297.8572083,0,110.9323502,9.999999747e-05,9.999999747e-05,105061.4766,12.10852623,4.240734386
188.8000031,305.9187454,76.33307636,26.77511389,62.62177168,0.761566893,147.360094,6.503017426,297.9226074,0,110.1412277,9.999999747e-05,64.53580475,105070.5469,12.1871233,4.260679469
189,311.1243898,75.97706584,26.83564269,62.74541462,0.752284838,147.3148836,6.502482414,297.8571472,0,109.4543991,9.999999747e-05,9.999999747e-05,105078.3047,12.11458683,4.228889523
189.1999969,305.7185717,76.22776652,26.76459732,62.61405134,0.7624325544,147.4322065,6.501981735,297.9225464,0,108.9824219,9.999999747e-05,64.54534912,105087.1797,12.19455242,4.243689719
189.3999939,311.0135178,75.84198622,26.824628,62.73694461,0.7532442484,147.4101274,6.501883984,297.8571167,0,108.7097015,9.999999747e-05,9.999999747e-05,105094.8516,12.12133026,4.248703723
189.6000061,305.6682081,76.13930717,26.75673901,62.60583326,0.763159456,147.5193087,6.501294613,297.9224854,0,108.4747391,9.999999747e-05,64.5557251,105103.6406,12.20277786,4.223265912
189.8000031,311.0288851,75.74125111,26.81679641,62.72824432,0.7539982342,147.5109393,6.500897408,297.8570557,0,108.4784241,9.999999747e-05,9.999999747e-05,105111.2422,12.13252163,4.202456354
190,305.754144,76.03115666,26.74982484,62.59826597,0.7639320836,147.6205308,6.500366211,297.9224548,0,108.6389694,9.999999747e-05,64.56165314,105120.0391,12.21404171,4.191641157
190.1999969,311.2284545,75.62768785,26.81080605,62.71980764,0.7547408448,147.6329307,6.500754356,297.8570251,0,109.0129242,9.999999747e-05,9.999999747e-05,105127.7422,12.14107227,4.216268051
190.3999939,305.9659192,75.98177826,26.74690393,62.58940272,0.7643570788,147.7283772,6.502038956,297.9223633,0,109.2282715,9.999999747e-05,64.56906128,105136.7578,12.21292686,4.292156391
190.6000061,311.3354174,75.70700257,26.81160723,62.70758607,0.7546086558,147.7213275,6.502290726,297.8569336,0,108.9297333,9.999999747e-05,9.999999747e-05,105144.4688,12.14114094,4.205739099
190.8000031,305.9193257,76.0470623,26.74573525,62.57944415,0.764323543,147.7847378,6.502527237,297.9223022,0,108.536705,9.999999747e-05,64.57672119,105153.3203,12.21643448,4.224824487
191,311.2082347,75.69795207,26.80591611,62.69793754,0.7549917104,147.7879187,6.502720356,297.8568726,0,108.0458832,9.999999747e-05,9.999999747e-05,105160.8984,12.14264965,4.208316467
191.1999969,305.7650168,76.0296624,26.73976496,62.57039827,0.7647456447,147.8475167,6.501746655,297.9222412,0,107.4777832,9.999999747e-05,64.58961487,105169.4922,12.22430134,4.144907307
191.3999939,311.0897106,75.59185997,26.7963519,62.68981875,0.7558297678,147.8715129,6.500879288,297.856842,0,107.3029556,9.999999747e-05,9.999999747e-05,105176.8438,12.15616226,4.117676
191.6000061,305.7891179,75.8637079,26.72979362,62.56389976,0.7658316258,147.9516333,6.501282215,297.9222107,0,107.4709244,9.999999747e-05,64.59538269,105185.4922,12.23009586,4.210977437
191.8000031,311.2192468,75.50507705,26.79063262,62.68022593,0.7564618117,147.9897019,6.502446651,297.856781,0,107.4739304,9.999999747e-05,9.999999747e-05,105192.9922,12.15360928,4.243702417
192,305.8026456,75.92396943,26.72918028,62.55324232,0.7657882648,148.0221645,6.50361681,297.9223938,0,107.0126724,9.999999747e-05,64.60916901,105201.6562,12.2235136,4.279946317
192.1999969,311.0069512,75.62878039,26.78951366,62.66806323,0.7562416921,148.0294603,6.505391598,297.8585205,0,106.0858765,9.999999747e-05,9.999999747e-05,105209.0703,12.14058781,4.336058036
192.3999939,305.4034233,76.06778219,26.72711299,62.54238884,0.7654548665,148.0248068,6.507121563,297.9257507,0,104.4472275,9.999999747e-05,63.85625076,105217.4922,12.20295906,4.411862756
192.6000061,310.2210051,75.81730827,26.78361396,62.65392251,0.7559347132,147.9971123,6.509320736,297.866272,0,102.1186142,9.999999747e-05,9.999999747e-05,105224.5234,12.11215305,4.515451725
192.8000031,304.476543,76.25240474,26.72023274,62.53191373,0.7650047665,147.9520533,6.508608818,297.9298401,0,98.90865326,9.999999747e-05,61.38774872,105232.0625,12.18392372,4.407180578
193,308.683461,75.87315692,26.7631886,62.64045455,0.7568926944,147.9053425,6.505942822,297.8679199,0,95.99453735,9.999999747e-05,9.999999747e-05,105237.9453,12.12144279,4.295799737
193.1999969,303.2109612,76.00588762,26.69246165,62.52875163,0.7673043803,147.9193459,6.503728867,297.9311829,0,94.14382172,9.999999747e-05,60.88022614,105244.7109,12.19495392,4.378022099
193.3999939,307.7870239,75.46436973,26.73238133,62.63448726,0.7597830486,147.9802322,6.501184464,297.8706055,0,93.17099762,9.999999747e-05,9.999999747e-05,105250.1875,12.14000416,4.319490165
193.6000061,302.8765226,75.64581631,26.67089449,62.52521565,0.7695800191,148.0244951,6.498624802,297.9307861,0,93.21847534,9.999999747e-05,59.8771286,105256.7266,12.22178555,4.296018824
193.8000031,307.8815967,75.06039983,26.71422882,62.63091674,0.7620787213,148.1381708,6.49723196,297.8696289,0,94.28878784,9.999999747e-05,9.999999747e-05,105262.3594,12.16870975,4.288406031
194,303.4662719,75.34964221,26.66314312,62.52253861,0.7709368277,148.1993816,6.496331692,297.9281311,0,95.91246796,9.999999747e-05,59.46969604,105269.2969,12.24565697,4.270549
194.1999969,308.8281123,74.86788461,26.71500623,62.62658444,0.7627199739,148.3319057,6.497562408,297.8671875,0,97.89827728,9.999999747e-05,9.999999747e-05,105275.5469,12.18271637,4.332036714
194.3999939,304.4460318,75.34418102,26.67163614,62.51579208,0.7705629737,148.3567695,6.49865675,297.9255981,0,99.38647461,9.999999747e-05,59.47465134,105283.0703,12.2506752,4.296584354
194.6000061,309.6611182,75.01988995,26.7281966,62.61739036,0.7617402611,148.4487765,6.50028944,297.8632507,0,100.4441605,9.999999747e-05,9.999999747e-05,105289.6875,12.18514347,4.277816147
194.8000031,304.8808695,75.51386952,26.68129045,62.50626878,0.7697797504,148.42709,6.502139091,297.9242249,0,100.84655,9.999999747e-05,60.64800644,105297.5078,12.24563599,4.314083733
195,309.8787389,75.24225772,26.73725098,62.60742027,0.7607244962,148.491873,6.503855228,297.8624573,0,100.5099792,9.999999747e-05,9.999999747e-05,105304.1719,12.17380714,4.296987579
195.1999969,304.6909511,75.7183261,26.68491799,62.49531364,0.7691318715,148.433237,6.505377293,297.9258423,0,99.48822021,9.999999747e-05,61.28855515,105311.8516,12.23229408,4.347416798
195.3999939,309.3914726,75.42929957,26.73617423,62.59649981,0.7602681656,148.4730734,6.50583744,297.8648071,0,97.85780334,9.999999747e-05,9.999999747e-05,105318.1172,12.16170311,4.29344604
195.6000061,303.994673,75.8085326,26.67788156,62.48619908,0.7693042149,148.4053444,6.505634308,297.9284363,0,96.04613495,9.999999747e-05,61.19856262,105325.2188,12.226161,4.317279057
195.8000031,308.5437499,75.40252429,26.72199692,62.58743328,0.7611510691,148.4614344,6.50412035,297.8671265,0,94.31449127,9.999999747e-05,9.999999747e-05,105330.8516,12.16540051,4.224368164
196,303.2869953,75.66363035,26.66118323,62.48031994,0.7707388276,148.4241203,6.50233078,297.9294128,0,93.19073486,9.999999747e-05,60.86722183,105337.3984,12.23829556,4.236234845
196.1999969,308.0494622,75.12958455,26.70227789,62.58175195,0.7631204335,148.5378081,6.499871254,297.8669739,0,92.77938843,9.999999747e-05,9.999999747e-05,105342.6719,12.18766117,4.130608427
196.3999939,303.1906214,75.35826251,26.64527289,62.47699659,0.7726471925,148.538531,6.496800423,297.9259949,0,93.35324097,9.999999747e-05,60.90839005,105349.0078,12.27308655,4.043498617
196.6000061,308.46508,74.71421578,26.68840665,62.58107067,0.7652505711,148.7198751,6.495345592,297.8617249,0,95.15528107,9.999999747e-05,9.999999747e-05,105354.5234,12.22210026,4.046688519
196.8000031,304.0398766,75.04093581,26.64020529,62.47459786,0.7740526197,148.7495809,6.494973183,297.921936,0,97.5319519,9.999999747e-05,61.68904495,105361.5312,12.29727173,4.063308425
197,309.8274761,74.5549611,26.69587141,62.57817535,0.7653781468,148.9453744,6.496142387,297.8570862,0,100.0591812,9.999999747e-05,9.999999747e-05,105367.7891,12.23673916,4.06404229
197.1999969,305.2255842,75.07579516,26.65293163,62.46736027,0.7734260258,148.9207285,6.498544216,297.9205627,0,102.1172333,9.999999747e-05,63.09674072,105375.6016,12.2989397,4.131522741
197.3999939,310.9192511,74.7853773,26.7154382,62.56973723,0.7637292637,149.0660549,6.500596523,297.8552246,0,103.215477,9.999999747e-05,9.999999747e-05,105382.3438,12.23072815,4.055766146
197.6000061,305.7050089,75.34612302,26.66689702,62.45613662,0.7720611567,148.9753991,6.50136137,297.9199829,0,103.497818,9.999999747e-05,64.43234253,105390.2344,12.30139351,3.98477454
197.8000031,311.1345678,74.96736821,26.72289884,62.5619516,0.7629193562,149.1005608,6.503268719,297.8546143,0,103.4773712,9.999999747e-05,9.999999747e-05,105397.0156,12.22377491,4.048066097
198,305.6096559,75.48425392,26.6688034,62.44577368,0.7716974011,149.0065117,6.504359722,297.9202576,0,102.6860733,9.999999747e-05,64.87525177,105404.8516,12.29001236,4.046089124
198.1999969,310.7592698,75.13325632,26.72221874,62.55036467,0.7625569792,149.1056168,6.504114628,297.8549194,0,101.4646835,9.999999747e-05,9.999999747e-05,105411.2266,12.22185898,3.95487144
198.3999939,305.1210192,75.50669365,26.66143914,62.4379317,0.7721256055,149.0117376,6.503308773,297.9208374,0,100.3431931,9.999999747e-05,65.03399658,105418.5859,12.29428577,3.958729213
198.6000061,310.334855,75.01422551,26.70929656,62.54312665,0.7636192889,149.1565721,6.503944397,297.8566589,0,99.54148865,9.999999747e-05,9.999999747e-05,105424.7578,12.21784115,4.057971547
198.8000031,304.7856131,75.44317257,26.65208749,62.42954242,0.7728438381,149.0663125,6.505101204,297.9248047,0,98.47904205,9.999999747e-05,64.41345215,105432.0547,12.27880955,4.163067538
199,309.8534484,75.07360619,26.70248996,62.53079733,0.7637971889,149.1822758,6.506453037,297.8642273,0,96.95680237,9.999999747e-05,9.999999747e-05,105438.0078,12.1996212,4.20776637
199.1999969,304.2258126,75.54305401,26.64668576,62.42041793,0.7727069166,149.045436,6.506755352,297.9303894,0,94.89492798,9.999999747e-05,62.37748337,105444.8125,12.26234627,4.223226754
199.3999939,308.833754,75.1454496,26.68992704,62.51786929,0.764392564,149.1391949,6.506958008,297.8719788,0,92.7161026,9.999999747e-05,9.999999747e-05,105450.2344,12.18814945,4.261175185
199.6000061,303.3381919,75.53085693,26.63334262,62.41306247,0.7734482176,149.011813,6.504705429,297.932312,0,90.45326233,9.999999747e-05,59.670681,105456.2656,12.26373672,4.144677884
199.8000031,307.6703853,74.99241856,26.66732773,62.50754987,0.7664684658,149.1309055,6.501741886,297.8711548,0,89.09912872,9.999999747e-05,9.999999747e-05,105460.9609,12.21398258,4.065618353
200,302.7033719,75.19938044,26.61091769,62.4107195,0.7759786167,149.0735876,6.498445511,297.928833,0,88.9249115,9.999999747e-05,59.19981766,105466.6562,12.29386234,4.025399063
200.1999969,307.6355566,74.5385479,26.64679498,62.50506418,0.7691782609,149.2956776,6.495932102,297.8659363,0,90.06812286,9.999999747e-05,9.999999747e-05,105471.4297,12.25117779,3.973232794
200.3999939,303.266679,74.81098864,26.59995298,62.40971625,0.7779180774,149.2708084,6.494924545,297.9248352,0,92.21289825,9.999999747e-05,60.09813309,105477.6641,12.32297039,4.021412836
200.6000061,308.9171725,74.25408415,26.64832525,62.50502942,0.7698438615,149.532553,6.496463776,297.8633728,0,94.75839996,9.999999747e-05,9.999999747e-05,105483.2812,12.26226425,4.094213095
200.8000031,304.5484793,74.80295694,26.61160535,62.40420444,0.7771934718,149.4515932,6.498441696,297.9237366,0,96.68462372,9.999999747e-05,60.48020554,105490.3203,12.3229866,4.10094028
201,309.9950891,74.46954038,26.666675,62.497513,0.7681741128,149.6402165,6.5008111,297.8613281,0,97.82646942,9.999999747e-05,9.999999747e-05,105496.4062,12.2571373,4.071563247
201.1999969,305.0326079,75.06148898,26.62525245,62.39521012,0.7757843733,149.4888392,6.502655983,297.9230042,0,98.02062988,9.999999747e-05,61.54529572,105503.6484,12.31570435,4.065912152
201.3999939,310.0723383,74.73896809,26.67614274,62.48844064,0.7669837047,149.6395518,6.504611015,297.8609009,0,97.47975159,9.999999747e-05,9.999999747e-05,105509.7188,12.24362373,4.073841288
201.6000061,304.6824648,75.27532793,26.6278041,62.38502629,0.7751921381,149.4651864,6.504566669,297.9223938,0,96.15483093,9.999999747e-05,61.87253189,105516.6016,12.31010532,3.991762383
201.8000031,309.4219852,74.84922102,26.6708066,62.47920729,0.7671597654,149.6101741,6.503482819,297.8579712,0,94.85462189,9.999999747e-05,9.999999747e-05,105522.0938,12.25069332,3.910902931
202,304.0388336,75.19712371,26.61552008,62.37861675,0.7764187162,149.4780219,6.501068115,297.9198914,0,93.98497009,9.999999747e-05,63.11585999,105528.4609,12.32786274,3.837296992
202.1999969,309.1673749,74.58131788,26.65516318,62.47585288,0.7689222259,149.706104,6.499023914,297.8545837,0,94.0822525,9.999999747e-05,9.999999747e-05,105533.6562,12.27427864,3.801941353
202.3999939,304.1235288,74.89598625,26.60231797,62.37476887,0.7782576166,149.6208946,6.497175217,297.9186096,0,94.99167633,9.999999747e-05,64.15986633,105540.1016,12.35180283,3.791810072
202.6000061,309.8842515,74.27036575,26.64886487,62.47439904,0.7701305709,149.9034924,6.496264458,297.8533325,0,96.64102936,9.999999747e-05,9.999999747e-05,105545.5625,12.29734612,3.757437972
202.8000031,305.0219667,74.68997371,26.60192502,62.37150816,0.7789052591,149.8085834,6.496163845,297.9189148,0,98.65235138,9.999999747e-05,64.93315125,105552.5156,12.36983204,3.777296967
203,311.111417,74.16392743,26.65643347,62.47178123,0.7699460699,150.0937598,6.498579979,297.8536072,0,100.7042542,9.999999747e-05,9.999999747e-05,105558.6797,12.29793453,3.87137884
203.1999969,305.9456407,74.7955932,26.61404184,62.36347148,0.7779206064,149.9338624,6.500724316,297.9198303,0,101.7840881,9.999999747e-05,65.26972961,105566.2188,12.36162376,3.867013804
203.3999939,311.6206107,74.44742505,26.67092608,62.46138394,0.7684249864,150.1408509,6.50409317,297.855072,0,102.0151291,9.999999747e-05,9.999999747e-05,105572.6797,12.28068829,3.937914882
203.6000061,305.8978862,75.10482616,26.62353493,62.35229795,0.7765840076,149.9152265,6.506536961,297.9219666,0,100.8935776,9.999999747e-05,64.97546387,105580.2109,12.33754158,3.956766638
203.8000031,310.9161589,74.80425341,26.67426171,62.44703247,0.7673715959,150.061688,6.507812977,297.8576965,0,98.80150604,9.999999747e-05,9.999999747e-05,105586.2109,12.26170254,3.918817883
204,304.9242504,75.30201566,26.61822735,62.34238013,0.7764118812,149.8268256,6.507579327,297.9239502,0,96.19989777,9.999999747e-05,64.46672058,105592.9688,12.32509136,3.914976414
204.1999969,309.6623603,74.83755509,26.65831143,62.43597751,0.7683096058,150.0012932,6.506553173,297.8605652,0,93.69303131,9.999999747e-05,9.999999747e-05,105598.1719,12.25711823,3.89557225
204.3999939,303.8765544,75.19251099,26.59961661,62.33501822,0.7779146536,149.8142153,6.505590439,297.9274292,0,91.59445953,9.999999747e-05,63.46731949,105604.2891,12.31942081,3.986838351
204.6000061,308.6968623,74.65537341,26.63694059,62.42585198,0.7701664346,150.0355101,6.503417969,297.8650818,0,89.87822723,9.999999747e-05,9.999999747e-05,105608.9062,12.26397038,3.894177987
204.8000031,303.2865996,74.96697073,26.58153372,62.32976809,0.7796799419,149.8703492,6.500832081,297.9285889,0,89.03504944,9.999999747e-05,62.41124344,105614.5078,12.33807182,3.887242588
205,308.4127991,74.31136378,26.61747902,62.42111968,0.772420188,150.1523172,6.498056412,297.8645935,0,89.22384644,9.999999747e-05,9.999999747e-05,105618.9219,12.29292107,3.792298597
205.1999969,303.542601,74.61306429,26.5682157,62.32816468,0.7815515304,150.0301001,6.495466232,297.9249573,0,90.52220154,9.999999747e-05,62.16187668,105624.6094,12.37225819,3.757921716
205.3999939,309.2546913,73.9279325,26.61005874,62.42138627,0.7740017418,150.3685902,6.493839741,297.8596497,0,92.85531616,9.999999747e-05,9.999999747e-05,105629.4531,12.32824802,3.690256934
205.6000061,304.7520484,74.33162682,26.56881423,62.32806432,0.7823582958,150.2522531,6.492862701,297.9207153,0,95.83647156,9.999999747e-05,62.74861908,105635.8672,12.40451431,3.660225989
205.8000031,310.9673896,73.73447807,26.62040504,62.42307404,0.7739323964,150.6054014,6.494576454,297.8554382,0,99.20947266,9.999999747e-05,9.999999747e-05,105641.7031,12.34451294,3.717337629
206,306.2718763,74.35646994,26.58488689,62.32378127,0.7814109993,150.4361707,6.497174263,297.9185181,0,101.890152,9.999999747e-05,63.76269531,105649.1953,12.40542316,3.750125903
206.1999969,312.2251406,74.00978202,26.64365687,62.41612128,0.7719440912,150.7108238,6.501220703,297.853241,0,103.5374374,9.999999747e-05,9.999999747e-05,105655.8281,12.33084869,3.796095185
206.3999939,306.7208535,74.74826927,26.60349509,62.3122898,0.7794562293,150.4432072,6.504886627,297.9182129,0,103.56427,9.999999747e-05,64.71261597,105663.7422,12.38337326,3.829967398
206.6000061,311.9244534,74.502356,26.65759441,62.40239863,0.7700018001,150.630301,6.507470608,297.8529358,0,102.1304855,9.999999747e-05,9.999999747e-05,105670.2344,12.30709553,3.789477242
206.8000031,305.857495,75.10315073,26.60605892,62.30007672,0.778522679,150.3319056,6.508817673,297.9191284,0,99.66543579,9.999999747e-05,65.24877167,105677.5625,12.36276436,3.815777659
207,310.6437915,74.72147446,26.64912837,62.38987277,0.7699843407,150.5226417,6.509140491,297.8545837,0,96.66218567,9.999999747e-05,9.999999747e-05,105683.2422,12.28788948,3.8087248
207.1999969,304.5136429,75.16639383,26.59130305,62.28979701,0.7793467219,150.2550436,6.507565022,297.9212341,0,93.52932739,9.999999747e-05,65.00744629,105689.5547,12.35472775,3.783558274
207.3999939,309.2729666,74.59742106,26.62567651,62.37965562,0.7718062189,150.4982618,6.504817486,297.8563538,0,91.02946472,9.999999747e-05,9.999999747e-05,105694.2266,12.29640484,3.717216726
207.6000061,303.5595575,74.88367152,26.56697109,62.28394032,0.7817630032,150.30157,6.501673698,297.9226685,0,89.62641144,9.999999747e-05,64.85889435,105699.8203,12.37101269,3.728050638
207.8000031,308.8629273,74.16553101,26.60118375,62.37467171,0.7745105909,150.6423512,6.498708248,297.8574829,0,89.4783783,9.999999747e-05,9.999999747e-05,105704.1484,12.32185459,3.673686545
208,303.7311259,74.47938881,26.55045991,62.28147377,0.7839174703,150.4800594,6.496251106,297.9223938,0,90.51480103,9.999999747e-05,64.63349915,105709.7891,12.39906311,3.678263611
208.1999969,309.680035,73.7643324,26.59232382,62.37409213,0.7760809531,150.8711148,6.494626045,297.8571167,0,92.53290558,9.999999747e-05,9.999999747e-05,105714.4688,12.35214996,3.610838251
208.3999939,304.9136046,74.19505093,26.55018052,62.28146794,0.7846046799,150.6993363,6.493174076,297.9213562,0,95.20002747,9.999999747e-05,64.37884521,105720.6641,12.43083286,3.555342868
208.6000061,311.2938271,73.53854485,26.59981386,62.37589984,0.7761862008,151.1017785,6.493623257,297.8561096,0,98.45001221,9.999999747e-05,9.999999747e-05,105726.1406,12.37636852,3.549806279
208.8000031,306.5156648,74.10895005,26.56264218,62.28034689,0.7840370627,150.9010577,6.494015694,297.9204407,0,101.5145111,9.999999747e-05,64.413414,105733.2422,12.44933414,3.495628431
209,312.8826418,73.59102741,26.6181867,62.37391415,0.7750768481,151.2676599,6.496480465,297.8551941,0,104.4284286,9.999999747e-05,9.999999747e-05,105739.625,12.38454628,3.53214339
209.1999969,307.6644372,74.27243041,26.58007286,62.27431349,0.7827236717,151.0097896,6.498907089,297.9198914,0,106.349472,9.999999747e-05,64.61405945,105747.5547,12.44714355,3.530800546
209.3999939,313.5455941,73.91324305,26.63646537,62.36452451,0.7734502487,151.3053239,6.501442909,297.8546448,0,107.3065948,9.999999747e-05,9.999999747e-05,105754.4062,12.37888145,3.501347216
209.6000061,307.8222034,74.55982076,26.59122767,62.26436731,0.7815420868,151.005319,6.504687309,297.9197388,0,107.2488022,9.999999747e-05,64.81726837,105762.6094,12.43108273,3.598613362
209.8000031,313.140849,74.26387657,26.64325964,62.35096356,0.7723553692,151.2536483,6.507165909,297.8544922,0,105.8914108,9.999999747e-05,9.999999747e-05,105769.3984,12.35609722,3.577176334
210,307.0093324,74.8619764,26.59188104,62.25172091,0.780828332,150.9194985,6.507598877,297.9197998,0,103.5473022,9.999999747e-05,64.95233154,105776.9688,12.41768265,3.53867502
210.1999969,312.031157,74.40978187,26.63335496,62.33903021,0.772593464,151.1807617,6.506669521,297.8545532,0,101.0342712,9.999999747e-05,9.999999747e-05,105782.8828,12.35182381,3.479936639
210.3999939,306.0693052,74.79400512,26.57588064,62.24359736,0.781999844,150.9123927,6.503824711,297.9199829,0,98.89091492,9.999999747e-05,64.99442291,105789.5312,12.42604446,3.412712237
210.6000061,311.4209911,74.1137935,26.6113115,62.33239629,0.7746384753,151.2715427,6.500544071,297.8547668,0,97.88747406,9.999999747e-05,9.999999747e-05,105794.7188,12.37375927,3.348807498
210.8000031,305.9826515,74.39404293,26.55621349,62.24005679,0.7842935157,151.0737234,6.49738884,297.9201355,0,98.19155121,9.999999747e-05,64.96746826,105801.1016,12.45169544,3.348196549
211,312.0092942,73.64567573,26.59688581,62.3306398,0.7767135138,151.5125378,6.494411469,297.85495,0,99.75595856,9.999999747e-05,9.999999747e-05,105806.3906,12.4073782,3.260461572
211.1999969,307.0095274,73.99777003,26.54991778,62.23976131,0.7857790349,151.3212821,6.492388725,297.9201965,0,102.5109482,9.999999747e-05,64.9125061,105813.3047,12.48603535,3.26706663
211.3999939,313.6305451,73.30213448,26.60037864,62.33275914,0.7775219711,151.7866053,6.491364479,297.8550415,0,106.0726471,9.999999747e-05,9.999999747e-05,105819.4609,12.43888474,3.20549306
211.6000061,308.6915371,73.8105336,26.56009581,62.23949316,0.7858826338,151.560636,6.492434502,297.9201965,0,110.0437241,9.999999747e-05,64.86470795,105827.5781,12.50804043,3.279913984
211.8000031,315.3107625,73.3314723,26.62001892,62.33078042,0.776767153,151.9707963,6.496319294,297.8549805,0,113.5830688,9.999999747e-05,9.999999747e-05,105835.125,12.43998241,3.35962192
212,309.6873061,74.1159045,26.58197099,62.22986898,0.7842811785,151.6325166,6.501121521,297.9200439,0,115.5660782,9.999999747e-05,64.85411835,105844.4141,12.49454021,3.433231023
212.1999969,315.3503624,73.91385314,26.64166708,62.31489286,0.7746517718,151.9010939,6.50581646,297.8548279,0,115.634201,9.999999747e-05,9.999999747e-05,105852.5703,12.41735554,3.433105397
212.3999939,309.0487022,74.65619046,26.59407125,62.21410318,0.7825122363,151.5011794,6.510649681,297.9198914,0,113.8275833,9.999999747e-05,64.8717804,105861.8594,12.46137714,3.539006014
212.6000061,313.8659269,74.46724959,26.64347783,62.29504429,0.773272314,151.7094865,6.513334274,297.8546448,0,110.0868835,9.999999747e-05,9.999999747e-05,105869.3516,12.38057995,3.497576015
212.8000031,307.3167272,75.02152661,26.58627544,62.19918472,0.7819123062,151.3136244,6.513426304,297.9197998,0,105.2798386,9.999999747e-05,64.90917969,105877.2422,12.43542099,3.47991736
213,311.9282046,74.55318919,26.62037062,62.28058265,0.7741013882,151.5872917,6.509796619,297.8545837,0,100.4375839,9.999999747e-05,9.999999747e-05,105882.9609,12.3766613,3.315628527
213.1999969,305.8653565,74.76045324,26.55569381,62.19144771,0.7842441704,151.3204143,6.505456924,297.9197693,0,97.05109406,9.999999747e-05,64.93227386,105889.2578,12.44692898,3.337423675
213.3999939,311.1243004,73.97061088,26.5835894,62.27392441,0.7775822767,151.7632793,6.501385212,297.8545532,0,95.39100647,9.999999747e-05,9.999999747e-05,105894.0547,12.3949194,3.328979923
213.6000061,305.6423595,74.21708954,26.52850992,62.18629207,0.7873427893,151.5401959,6.496649742,297.9197693,0,95.3564682,9.999999747e-05,64.94670868,105899.9219,12.47830868,3.272432592
213.8000031,311.7518314,73.35624769,26.56382369,62.27330945,0.7803173365,152.0561248,6.492829323,297.8546143,0,97.21911621,9.999999747e-05,9.999999747e-05,105904.7734,12.43791008,3.213675558
214,306.8980259,73.68580991,26.51952234,62.18831403,0.789283521,151.8448586,6.489201546,297.9198303,0,100.6047516,9.999999747e-05,64.9365387,105911.2734,12.52416134,3.147794632
214.1999969,313.8832644,72.86263395,26.567707,62.2802077,0.7813855841,152.4017835,6.488080978,297.8546753,0,105.4437408,9.999999747e-05,9.999999747e-05,105917.25,12.47947693,3.144782618
214.3999939,309.1535067,73.40882687,26.5331679,62.19222903,0.789355576,152.143208,6.490367889,297.9198303,0,110.7233276,9.999999747e-05,64.91635895,105925.5,12.54410934,3.274225129
214.6000061,316.0038425,72.97612968,26.5962547,62.27993367,0.7799109235,152.5920208,6.494225502,297.8546448,0,115.0851517,9.999999747e-05,9.999999747e-05,105933.2109,12.4831028,3.265654436
214.8000031,310.3504991,73.80443478,26.56127189,62.18380745,0.7872778151,152.1896621,6.50022316,297.9197388,0,117.909523,9.999999747e-05,64.91041565,105942.9062,12.53360748,3.391571577
215,316.0522658,73.6523373,26.62224836,62.26433269,0.7775437566,152.4809587,6.506296635,297.8545227,0,118.3329315,9.999999747e-05,9.999999747e-05,105951.5469,12.45533943,3.401323245
215.1999969,309.5228116,74.48973053,26.57714085,62.16563707,0.7850854214,152.0000234,6.510445118,297.9196167,0,116.3334808,9.999999747e-05,64.92997742,105961.1953,12.50574017,3.391955758
215.3999939,314.4404744,74.24890841,26.62412127,62.24440202,0.7761333062,152.2527145,6.513271809,297.8544006,0,112.6812744,9.999999747e-05,9.999999747e-05,105969.0781,12.42417622,3.389858339
215.6000061,307.8868737,74.80912224,26.56808267,62.15115743,0.784627541,151.8310625,6.514482498,297.9194946,0,107.8964539,9.999999747e-05,64.95823669,105977.4141,12.47220135,3.432239484
215.8000031,312.5065935,74.38352868,26.60266138,62.22743518,0.7766681359,152.1344991,6.515202522,297.8542786,0,102.628624,9.999999747e-05,9.999999747e-05,105983.8047,12.38887215,3.506071608
216,305.927675,74.8294999,26.54365051,62.13750975,0.785852382,151.7351426,6.514659405,297.9194641,0,97.06912994,9.999999747e-05,64.99378204,105990.5469,12.43723011,3.591724454
216.1999969,310.2717017,74.29885375,26.57041643,62.21036089,0.778747978,152.0680101,6.513133049,297.8564758,0,91.72948456,9.999999747e-05,9.999999747e-05,105995.3516,12.36425114,3.63933197
216.3999939,303.886142,74.6696695,26.51243265,62.1247206,0.7884137126,151.690325,6.509288788,297.9225769,0,86.99948883,9.999999747e-05,63.90363312,106000.5078,12.42947769,3.620520384
216.6000061,308.447044,73.93702978,26.5328417,62.19701616,0.7823260414,152.1084014,6.505208492,297.8614807,0,83.81171417,9.999999747e-05,9.999999747e-05,106004.0547,12.37604809,3.633153089
216.8000031,302.8613442,74.20753946,26.48060896,62.1172972,0.7919086445,151.8172146,6.500455379,297.9260864,0,82.24932098,9.999999747e-05,62.5523262,106008.4375,12.45005798,3.616704468
217,308.1643024,73.36155866,26.50452347,62.19092621,0.7857723398,152.3333965,6.49630928,297.8639526,0,82.58963013,9.999999747e-05,9.999999747e-05,106011.6875,12.41384792,3.559220891
217.1999969,303.4515179,73.67191623,26.46372726,62.11739754,0.7943127118,152.0752606,6.49385643,297.927063,0,84.58437347,9.999999747e-05,62.00071716,106016.4375,12.48209858,3.611845599
217.3999939,309.6173879,72.89391307,26.49999003,62.19364129,0.7869218303,152.6364028,6.492975235,297.8640442,0,87.5565033,9.999999747e-05,9.999999747e-05,106020.4219,12.44188118,3.558970759
217.6000061,305.1611021,73.42476397,26.47041252,62.12041964,0.7940755956,152.3184331,6.494312286,297.9262085,0,90.88150787,9.999999747e-05,61.87348175,106026.1875,12.49794865,3.634888735
217.8000031,311.3968771,72.87658736,26.51690824,62.19583621,0.7855255106,152.8152522,6.498067379,297.8647766,0,93.66939545,9.999999747e-05,9.999999747e-05,106031.3125,12.43577671,3.684066109
218,306.3294228,73.66541767,26.49040373,62.11717746,0.7918794096,152.375928,6.502103806,297.9263916,0,94.95437622,9.999999747e-05,61.01781845,106037.8906,12.48085213,3.716480828
218.1999969,311.5666187,73.34796844,26.5353214,62.1871213,0.7832961944,152.7254546,6.506467819,297.8662415,0,94.6316452,9.999999747e-05,9.999999747e-05,106043.375,12.40985775,3.737834541
218.3999939,305.7490934,74.12532157,26.50089421,62.10752483,0.7902115824,152.2190369,6.507200718,297.9243164,0,92.56311035,9.999999747e-05,60.19520569,106049.5078,12.46771049,3.594906541
218.6000061,310.203113,73.68806804,26.5324237,62.17539243,0.7831696526,152.5405945,6.506963253,297.8615417,0,90.21440125,9.999999747e-05,9.999999747e-05,106054.1797,12.40990925,3.561773724
218.8000031,304.4896812,74.18140303,26.48859872,62.09911718,0.7914208008,152.1355744,6.504772186,297.9206848,0,87.9522934,9.999999747e-05,61.03876877,106059.5078,12.47213268,3.506352257
219,309.2415726,73.53743295,26.51454267,62.16720565,0.7850758026,152.5657846,6.503128529,297.858429,0,86.56989288,9.999999747e-05,9.999999747e-05,106063.5625,12.41877842,3.533311145
219.1999969,303.9071251,73.96305574,26.4723198,62.09216722,0.7934045723,152.2174037,6.501233101,297.9207764,0,85.83682251,9.999999747e-05,61.77958679,106068.6016,12.47958755,3.548050728
219.3999939,309.1702123,73.28283818,26.50198614,62.1618564,0.7865878377,152.7026445,6.499615669,297.8583679,0,85.86463165,9.999999747e-05,9.999999747e-05,106072.4531,12.43365479,3.50522168
219.6000061,304.1016211,73.74314993,26.46406972,62.08868839,0.794565691,152.3491323,6.49715519,297.9198914,0,86.53761292,9.999999747e-05,62.63245392,106077.3984,12.50425434,3.42620735
219.8000031,309.8797418,73.00540843,26.49722358,62.16227652,0.7874991129,152.8805801,6.494859695,297.8547058,0,88.19850159,9.999999747e-05,9.999999747e-05,106081.2891,12.46747303,3.315306844
220,305.076117,73.46303291,26.46209592,62.08995638,0.7953877787,152.5435788,6.495506763,297.9191589,0,90.7742157,9.999999747e-05,63.9935112,106086.9141,12.52033997,3.465631427
220.1999969,311.3686317,72.84368803,26.50557258,62.16422016,0.7870219883,153.0944225,6.497441769,297.8544006,0,93.08207703,9.999999747e-05,9.999999747e-05,106091.6562,12.46525383,3.446598661
220.3999939,306.1093659,73.55661902,26.47511472,62.08680365,0.7940987423,152.6441504,6.499526978,297.919281,0,94.62101746,9.999999747e-05,64.655159,106097.8672,12.52000523,3.453867468
220.6000061,311.9695295,73.06828318,26.51932574,62.1607922,0.7855473411,153.1050565,6.502861023,297.8552856,0,95.3296051,9.999999747e-05,9.999999747e-05,106103.0469,12.45184803,3.492176833
220.8000031,306.1315536,73.83296002,26.48467434,62.07989058,0.7928417806,152.5971445,6.505918503,297.921814,0,94.70097351,9.999999747e-05,64.3678894,106109.4375,12.4973259,3.543846412
221,311.2788355,73.43404301,26.52433896,62.14960802,0.7845109042,152.9824231,6.507708549,297.8586121,0,92.85415649,9.999999747e-05,9.999999747e-05,106114.3047,12.43225288,3.491814185
221.1999969,305.1292114,74.08787705,26.4825306,62.07058248,0.7925516734,152.4685471,6.50753212,297.923645,0,90.29463196,9.999999747e-05,63.8709259,106119.9375,12.48730278,3.466776535
221.3999939,309.9812729,73.53110807,26.51218901,62.13875078,0.7853997024,152.8883359,6.507009506,297.8615417,0,87.80799103,9.999999747e-05,9.999999747e-05,106124.0469,12.42510319,3.47794214
221.6000061,304.0819584,74.039588,26.46786067,62.06195508,0.7939122378,152.4475981,6.505427361,297.9259338,0,85.52528381,9.999999747e-05,62.58319092,106128.9609,12.4820509,3.494540716
221.8000031,308.9861266,73.39275459,26.49404705,62.1281321,0.787271034,152.9140812,6.503174782,297.8641663,0,83.8779068,9.999999747e-05,9.999999747e-05,106132.4219,12.43409061,3.441163707
222,303.5576259,73.82142545,26.4520803,62.05612616,0.7957286708,152.5226925,6.500531197,297.9266052,0,83.13025665,9.999999747e-05,61.80274582,106136.8828,12.49725914,3.441730183
222.1999969,308.8905372,73.08506356,26.47917317,62.12327181,0.7891815842,153.0551149,6.498779297,297.8649292,0,83.43916321,9.999999747e-05,9.999999747e-05,106140.2656,12.45201874,3.431093803
222.3999939,303.9348468,73.55097862,26.44380279,62.05378022,0.796935894,152.6843844,6.497289658,297.9256287,0,84.44480896,9.999999747e-05,61.1144104,106144.9141,12.51442337,3.427467569
222.6000061,309.6158942,72.86024888,26.47656086,62.12205193,0.7898406902,153.2252662,6.496711254,297.8625183,0,86.04828644,9.999999747e-05,9.999999747e-05,106148.6328,12.47140503,3.381798226
222.8000031,304.7944192,73.41009985,26.44594916,62.0536749,0.7970286404,152.8280095,6.496191025,297.9218445,0,87.88095093,9.999999747e-05,61.59265518,106153.7266,12.53367424,3.347900399
223,310.6559825,72.77177964,26.48308269,62.12334312,0.7895175849,153.3621104,6.497131824,297.8572083,0,89.92433167,9.999999747e-05,9.999999747e-05,106158.0078,12.48391151,3.340428144
223.1999969,305.6279015,73.41539066,26.45384587,62.05243872,0.7964865924,152.9242455,6.498858452,297.9190674,0,91.58687592,9.999999747e-05,62.78795624,106163.7812,12.53532982,3.381814837
223.3999939,311.3715041,72.90060113,26.49460845,62.12123937,0.7883741816,153.41603,6.501091003,297.8544312,0,92.56075287,9.999999747e-05,9.999999747e-05,106168.5234,12.47830963,3.357184517
223.6000061,305.8088607,73.61693142,26.46246342,62.04721625,0.7955283506,152.9093662,6.503066063,297.9186707,0,92.64250183,9.999999747e-05,63.97995758,106174.5312,12.52773762,3.381123467
223.8000031,311.2001227,73.1333262,26.5004867,62.11506236,0.7875225833,153.3646254,6.505433083,297.8554382,0,91.93673706,9.999999747e-05,9.999999747e-05,106179.2969,12.46166611,3.403131534
224,305.2426855,73.83451338,26.46368449,62.03893743,0.7950942611,152.8339893,6.506669998,297.9212341,0,90.28214264,9.999999747e-05,63.94247818,106185.0312,12.51055622,3.418777374
224.1999969,310.2302342,73.33053869,26.49610287,62.1045237,0.7875712088,153.2691778,6.50680685,297.85849,0,88.13772583,9.999999747e-05,9.999999747e-05,106189.2188,12.45159912,3.374682764
224.3999939,304.267749,73.90339547,26.45466878,62.03061387,0.7957926573,152.7713885,6.505306244,297.9232178,0,85.93843842,9.999999747e-05,63.58542252,106194.1719,12.5096302,3.351220191
224.6000061,309.29892,73.2470845,26.48104652,62.0956404,0.789078242,153.2685182,6.503530502,297.8605042,0,84.34128571,9.999999747e-05,9.999999747e-05,106197.7031,12.45802593,3.327553032
224.8000031,303.7352315,73.71856432,26.44021817,62.02434814,0.7974501078,152.8377646,6.500896454,297.9236145,0,83.45013428,9.999999747e-05,62.90330887,106202.1797,12.52200222,3.303817108
225,309.1485214,72.9726672,26.46696552,62.09021935,0.7908663153,153.3976785,6.499969006,297.8621216,0,83.61444855,9.999999747e-05,9.999999747e-05,106205.6172,12.46855831,3.362786059
225.1999969,304.0028429,73.49144443,26.43248287,62.02082233,0.7985042874,152.98341,6.498621464,297.9237671,0,84.14144897,9.999999747e-05,61.7958374,106210.2109,12.53082848,3.332220019
225.3999939,309.6039379,72.80816078,26.46376169,62.08688453,0.7914678721,153.5332368,6.49744463,297.8596191,0,85.21430969,9.999999747e-05,9.999999747e-05,106213.7266,12.49049187,3.249876317
225.6000061,304.6206534,73.34221177,26.43182727,62.02052183,0.7988963887,153.1057697,6.49670887,297.9209595,0,86.75605774,9.999999747e-05,62.73364639,106218.625,12.55012321,3.251782337
225.8000031,310.5670857,72.66471186,26.46723461,62.08824009,0.7914284269,153.6849747,6.497694016,297.8566895,0,88.5911026,9.999999747e-05,9.999999747e-05,106222.6641,12.49799633,3.268009961
226,305.4215093,73.3221692,26.43820196,62.01893633,0.7984159371,153.2123394,6.499123096,297.9195557,0,90.02793884,9.999999747e-05,63.27684784,106228.1406,12.55022144,3.292353838
226.1999969,311.1927249,72.77458593,26.47691054,62.08583382,0.7904341122,153.7349319,6.501276016,297.8553467,0,90.89712524,9.999999747e-05,9.999999747e-05,106232.5859,12.49265099,3.283137499
226.3999939,305.5936737,73.49608519,26.44561169,62.01440215,0.7975483871,153.1999591,6.505014896,297.9230042,0,90.9043045,9.999999747e-05,63.90550613,106238.4688,12.52666759,3.43789663
226.6000061,310.8573498,73.07765064,26.48364663,62.07729274,0.7892702515,153.6566983,6.508164406,297.8628845,0,89.4130249,9.999999747e-05,9.999999747e-05,106242.9609,12.45898247,3.429952054
226.8000031,304.7019353,73.83013163,26.44801042,62.00472083,0.7966555982,153.0535087,6.5099473,297.9295044,0,86.6689682,9.999999747e-05,62.36667633,106248.2734,12.49919128,3.470168134
227,309.19173,73.37146085,26.47593174,62.06373268,0.7895397205,153.4618188,6.509900093,297.8710938,0,83.21433258,9.999999747e-05,9.999999747e-05,106251.8984,12.43979263,3.428180539
227.1999969,303.1729217,73.92859992,26.43476766,61.99473342,0.7977082788,152.9323359,6.508758545,297.9353333,0,79.78022003,9.999999747e-05,59.96960449,106256.1953,12.4834528,3.492509064
227.3999939,307.4708418,73.32475131,26.45444758,62.04957568,0.7917806973,153.3972172,6.506566048,297.8798828,0,76.80033875,9.999999747e-05,9.999999747e-05,106258.9531,12.43408108,3.474717041
227.6000061,302.0604684,73.7535353,26.41505479,61.9855985,0.7998883513,152.9578399,6.503823757,297.9398193,0,74.69745636,9.999999747e-05,56.72885132,106262.5,12.48459816,3.518024171
227.8000031,306.5200342,73.06151895,26.43268124,62.03855214,0.7945092745,153.4727859,6.501319885,297.8863831,0,73.68991089,9.999999747e-05,9.999999747e-05,106264.8906,12.44506264,3.511244327
228,301.9080199,73.45663567,26.40036339,61.9808493,0.8017348814,153.0958694,6.498756886,297.9405212,0,73.68148041,9.999999747e-05,53.74074173,106268.2656,12.50073147,3.503134623
228.1999969,306.6589999,72.77026439,26.42127297,62.03404448,0.7962093435,153.6241169,6.497508049,297.8868408,0,74.69911194,9.999999747e-05,9.999999747e-05,106270.8438,12.46542454,3.497543032
228.3999939,302.6198127,73.21825408,26.39691288,61.98101853,0.8023325998,153.2610423,6.497686386,297.939209,0,76.21175385,9.999999747e-05,52.26762772,106274.7188,12.50760555,3.553495658
228.6000061,307.5065842,72.6641145,26.42445557,62.03304747,0.7960007617,153.7616493,6.498203278,297.8846741,0,77.65260315,9.999999747e-05,9.999999747e-05,106277.7578,12.47440338,3.47626848
228.8000031,303.37539,73.22111516,26.40350368,61.98142612,0.8015991303,153.334831,6.499053955,297.9351196,0,78.89015961,9.999999747e-05,52.51934433,106281.9531,12.51741791,3.473347219
229,308.0766158,72.72810332,26.43181776,62.0332917,0.7952293824,153.7956087,6.500231743,297.8791199,0,79.78738403,9.999999747e-05,9.999999747e-05,106285.2812,12.47769642,3.425377819
229.1999969,303.6388339,73.32140555,26.40930906,61.97941768,0.8009996723,153.3402145,6.501149178,297.9302979,0,80.21361542,9.999999747e-05,53.58804703,106289.6562,12.52009487,3.41750665
229.3999939,308.1643727,72.84253373,26.4364511,62.03101713,0.7947234034,153.78417,6.502707958,297.8746338,0,80.2747879,9.999999747e-05,9.999999747e-05,106293.1172,12.47123528,3.428931876
229.6000061,303.4199969,73.45006143,26.41146049,61.97443085,0.8007719975,153.3101723,6.503223896,297.927887,0,79.70948792,9.999999747e-05,54.56035995,106297.4453,12.51514244,3.403587968
